2.667778240933722442e-02,6.767495934705247684e-02,3.070533735931432417e+00,9.218733035194784375e-02,1.442924755912646517e-01,1.224086324536217407e-01,0.000000000000000000e+00,4.416666666666666657e-02,-2.251587975280496678e+01,1.246649626366387542e+00,-4.117263873538887231e-01,1.824723135398453600e-01,-2.644198164464098277e-02,3.377147368093953439e-01,-8.585618425521115427e-01,-5.513541626865509082e-01,3.652450969799271863e-01,3.799407802021195213e-01,7.663045574026465800e-01,5.069876589347184215e-01,-6.710318225432281292e-01,2.696178340153275368e-03,1.713257173069155563e-04,2.449302861816442592e-02,2.989607777787230049e-03,1.277287698835443287e-03,7.288456991459588922e-04,1.725947391170806478e-01,7.933991046301102105e-04,5.168062458930520499e-03,2.149635230197888963e-02,4.163156069519349800e-03,5.395652047414529464e-04,4.675213801920127116e-02,0.000000000000000000e+00,0.000000000000000000e+00,0.000000000000000000e+00,0.000000000000000000e+00,0.000000000000000000e+00,0.000000000000000000e+00,0.000000000000000000e+00,0.000000000000000000e+00,0.000000000000000000e+00,0.000000000000000000e+00,0.000000000000000000e+00,0.000000000000000000e+00,0.000000000000000000e+00,0.000000000000000000e+00,0.000000000000000000e+00,0.000000000000000000e+00,0.000000000000000000e+00,0.000000000000000000e+00,0.000000000000000000e+00,0.000000000000000000e+00,0.000000000000000000e+00,0.000000000000000000e+00,0.000000000000000000e+00,0.000000000000000000e+00,0.000000000000000000e+00,0.000000000000000000e+00,0.000000000000000000e+00,0.000000000000000000e+00,0.000000000000000000e+00,0.000000000000000000e+00,0.000000000000000000e+00,0.000000000000000000e+00,0.000000000000000000e+00,0.000000000000000000e+00
2.917882451021258650e-03,1.271882285633720855e-01,2.879425147904506765e+00,7.910586877879928480e-02,1.569476532095765431e-01,2.049760725598583078e-02,1.969680898761003857e-02,1.583333333333333467e-02,-2.326986895486205142e+01,1.906911348034329823e+00,-1.046470095383241317e+00,2.378448486743250240e-02,1.148545178999050287e-01,-8.128416739266109553e-03,-1.088397308382418743e-01,8.130649771256889813e-02,9.231028208936540302e-01,3.901877425349463691e-01,4.080281268058516542e-02,-5.956704021485110800e-01,-2.833439978638360168e-01,3.440150387905164045e-04,5.017060660300093518e-03,2.699785310143266222e-03,1.757526107020352410e-04,6.700189329221261422e-04,2.610197372430760792e-04,3.774387071260610349e-01,1.678742261368146901e-04,5.184026994407744515e-04,3.319475466585077115e-03,3.394972903244305746e-03,2.243811406974728726e-03,1.038574406133043609e-01,-2.375989995831596577e-02,5.951326921631960865e-02,-1.911085880269256521e-01,-1.308146157314855895e-02,1.265517761831189136e-02,-1.019110251976359099e-01,1.969680898761003857e-02,-2.833333333333333190e-02,-7.539892020570846398e-01,6.602617216679422807e-01,-6.347437080293525380e-01,-1.586878286724128506e-01,1.412964995445460115e-01,-3.458431535486614639e-01,7.497221117138697100e-01,6.326606603991198341e-01,5.578577239137267885e-01,1.024696233282684776e-02,-7.255017447220614146e-01,-1.102658061083229502e+00,3.876878246793921123e-01,-2.352163301362758963e-03,4.845734942993178314e-03,-2.179324330802116100e-02,-2.813855167085194727e-03,-6.072687659133171444e-04,-4.678259619028828130e-04,2.048439680089803872e-01,-6.255248784932954933e-04,-4.649659759489745831e-03,-1.817687683539381122e-02,-7.681831662750440541e-04,1.704246202233275671e-03,5.710530259410308979e-02
1.021258857857440666e-01,4.544937108829773947e-02,1.831157067609034961e+00,1.487966375703919930e-01,2.293017859653978807e-01,1.207613618665680788e-01,2.314270716392875446e-02,1.833333333333333343e-02,-2.335399823541087727e+01,1.941663564317690938e+00,1.096561034039395671e-02,-5.843017626342701387e-01,-9.446650095585288343e-01,-3.766433510281263358e-02,1.442263182536338006e-01,5.105725197132644499e-01,8.153221869310163239e-01,2.463185997619164458e-01,2.584007036943184454e-01,-2.417750528004198041e-01,-2.748710705572622315e-01,3.055163897099221273e-02,2.530748013670788832e-02,1.598935673077402086e-02,1.629638798056689186e-03,1.232782176655512893e-03,8.599938599921049583e-04,1.324388219275657308e-01,2.511189516229524665e-04,6.713608097252890669e-04,3.450167900625695193e-03,1.304316320283741872e-02,2.307201233942528587e-02,3.528860518412609698e-02,9.920800333472280796e-02,-8.173885747507433908e-02,-1.048268080295471805e+00,6.969076879159270821e-02,7.235413275582133763e-02,1.002637546105822480e-01,3.445898176318715894e-03,2.499999999999998751e-03,-8.412928054882584661e-02,3.475221628336111479e-02,1.057435705723635211e+00,-6.080862475017025925e-01,-1.059519527458433918e+00,-2.953591836354652403e-02,2.530660490918756889e-01,4.292660220006955241e-01,-1.077806339626377063e-01,-1.438691427730299233e-01,2.175978910137332800e-01,3.538953493480913037e-01,8.472927306573785344e-03,3.020762393220169720e-02,2.029041947640779567e-02,1.328957142063075421e-02,1.453886187354653864e-03,5.627632437333867504e-04,5.989741227490288792e-04,-2.449998851984953041e-01,8.324472548613777640e-05,1.529581102845146154e-04,1.306924340406180780e-04,9.648190299593113403e-03,2.082820093245055584e-02,-6.856883542917827090e-02
1.375573155481450531e-02,7.537406527567142023e-02,2.462310132133850971e+00,1.178851656436146478e-01,1.985298178009108627e-01,9.564676512026036581e-02,4.010310078854147607e-03,1.750000000000000167e-02,-2.311697416923366433e+01,1.868649024495199429e+00,-1.488210885995167043e-02,-6.952774351288275589e-01,-8.344692967115504567e-01,-3.510869320105906022e-01,-7.762565287971702477e-02,3.346725462469959944e-01,7.991065946452508006e-01,4.542715090107697362e-01,3.846920231298439630e-01,-1.069585933700496483e-01,6.386669093380659135e-02,1.341037047544717947e-02,4.294557206883788808e-03,8.936274623822694149e-03,1.206262490606518564e-03,5.489505457126701285e-04,6.182860835173316231e-04,1.383104088935288023e-01,1.996616550776018483e-04,7.129880050318303242e-04,4.802480602188596327e-03,1.666288670758554746e-02,3.032732140670853574e-02,3.718938754859591606e-02,-8.837015423092955957e-02,2.992469418737368075e-02,6.311530645248160099e-01,-3.091147192677734523e-02,-3.077196816448701799e-02,-2.511459674630771299e-02,-1.913239708507460599e-02,-8.333333333333317605e-04,2.370240661772129442e-01,-7.301453982249150876e-02,-2.584771920034562714e-02,-1.109756724945574202e-01,1.101957128469783775e-01,-3.134225969077779617e-01,-2.218519711333508115e-01,-1.758999734662684555e-01,-1.621559228576552325e-02,2.079529092488532904e-01,1.262913194355255175e-01,1.348164594303701558e-01,3.387377614910688228e-01,-1.714126849554503326e-02,-2.101292292982409951e-02,-7.053082106951326716e-03,-4.233763074501706216e-04,-6.838316309428427641e-04,-2.417077764747733353e-04,5.871586965963071503e-03,-5.145729654535061821e-05,4.162719530654125730e-05,1.352312701562901134e-03,3.619723504748128748e-03,7.255309067283249869e-03,1.900782364469819075e-03
1.000416840350145872e-02,5.131583765956086209e-03,2.981958053284193610e+00,2.003636217822001298e-01,2.171976022302483100e-01,2.537005498311524776e-01,4.498224034388705744e-03,1.666666666666666774e-03,-2.798487133876244570e+01,1.816188295415166465e+00,7.851864497493405981e-01,-3.231039175406539288e-01,-4.753738912821044993e-01,-1.975417916798875295e-01,1.692443713305224195e-01,1.513171332583496953e-01,5.221029474709886209e-01,4.045400048814825067e-01,1.450811958764326171e-01,-2.722884313762738984e-01,9.640651143825237912e-02,2.131491327215157862e-03,6.959926902394676738e-04,6.481267094310778562e-03,3.183755614951798061e-04,7.020910048091960750e-04,2.196243856350183811e-04,1.681654711679465009e-01,7.598855082102189639e-05,1.616177371552054965e-04,7.960391200528807356e-04,3.240429082046287698e-03,5.377946730318073146e-03,4.601681574462554436e-02,-3.751563151313046587e-03,-7.024248150971533489e-02,5.196479211503426399e-01,8.247845613858548197e-02,1.866778442933744731e-02,1.580537847108920979e-01,4.879139555345581372e-04,-1.583333333333333467e-02,-4.867897169528781376e+00,-5.246072908003296398e-02,8.000685586092922685e-01,3.721735175881736302e-01,3.590954054294459574e-01,1.535451403307030727e-01,2.468700242102394582e-01,-1.833554129886462991e-01,-2.770036471742621798e-01,-4.973150412928722952e-02,-2.396108272534113459e-01,-1.653298380062242501e-01,3.253982050444578777e-02,-1.127887914823202248e-02,-3.598564516644321351e-03,-2.455007529511915587e-03,-8.878869291113387040e-04,1.531404590965259466e-04,-3.986616978823132691e-04,2.985506227441769855e-02,-1.236731042565799655e-04,-5.513702678766247735e-04,-4.006441482135715375e-03,-1.342245762553925977e-02,-2.494937467639046086e-02,8.827428196029628304e-03
3.001250521050437617e-02,8.516397198605425711e-02,2.916510504846677954e+00,1.633540254074943299e-01,1.975395049732971142e-01,1.706754669306396743e-01,1.992119862522666318e-02,1.666666666666666644e-02,-2.352516766213529209e+01,1.835789180434865386e+00,-6.109617852998827647e-01,-4.704827311945032342e-01,-9.299810970719536440e-01,-1.142860742858117229e+00,-2.835010031294594723e-01,1.756101380963552561e-01,5.611045242410025446e-01,7.366196971343423883e-01,2.821669812453590498e-01,-6.724503448559279728e-02,-2.174793484288840006e-01,4.334921640117405522e-03,2.009690177974887606e-03,8.715839210304189176e-04,4.355171593663033141e-04,1.935660952493584728e-03,5.251183689297287630e-04,2.471310463810279592e-02,1.036287979653717625e-04,6.663476072753438031e-04,1.167671199170075731e-02,1.182935327629450750e-01,6.041551963091514044e-02,3.435489370824468258e-02,2.000833680700291745e-02,8.003238822009817177e-02,-6.544754843751565687e-02,-3.700959637470579988e-02,-1.965809725695119581e-02,-8.302508290051280326e-02,1.542297459083795744e-02,1.499999999999999944e-02,4.459703676627153612e+00,1.960088501969892150e-02,-1.396148235049223363e+00,-1.473788136538493054e-01,-4.546072057898491448e-01,-9.453189511782297272e-01,-4.527453744599818641e-01,2.429300483800556076e-02,3.900157677001392376e-02,3.320796922528598816e-01,1.370857853689264327e-01,2.050433968906811011e-01,-3.138858598671363520e-01,2.203430312902247661e-03,1.313697487735419932e-03,-5.609683173280359536e-03,1.171415978711235080e-04,1.233569947684388761e-03,3.054939832947104091e-04,-1.434523665298436945e-01,2.764024714434986610e-05,5.047298701201382524e-04,1.088067287164787636e-02,1.150531036808987856e-01,5.503757290059706903e-02,-1.166192203638086178e-02
2.167569820758649332e-02,8.172428830340723593e-02,3.292687641888764283e+00,1.068505144161742693e-01,1.782238810824456343e-01,7.819122881133160063e-02,7.535553588815423025e-03,4.666666666666666879e-02,-2.340628705489923433e+01,2.777875842343104917e+00,-1.172857986071720982e+00,-1.070606693387105235e+00,-8.218267672088555575e-02,-1.126804275755461715e+00,-2.166637759621636294e-01,1.474181259972636923e-02,2.387867209498741317e-01,7.667105054256722063e-01,3.548285469115002866e-01,-2.640497071614795188e-01,-5.776837380881378881e-01,5.944350611298328084e-03,2.812724639611682148e-03,1.578398926147135065e-03,1.160797786260182700e-03,1.513867641488285745e-02,1.654639489732431324e-03,7.414822222605757344e-03,4.710086137671190792e-04,1.752365290434806499e-03,1.126344019600252627e-02,1.411165510166003945e-01,3.365814657603528187e-02,3.800310382732619008e-02,-8.336807002917882847e-03,-3.439683682647021179e-03,3.761771370420863292e-01,-5.650351099132006061e-02,-1.931562389085147990e-02,-9.248423811930807370e-02,-1.238564503641123929e-02,3.000000000000000236e-02,1.188806072360577559e-01,9.420866619082395310e-01,-5.618962007718382168e-01,-6.001239621926020007e-01,8.477984203510681160e-01,1.605646710265551391e-02,6.683722716729584290e-02,-1.608683254966288834e-01,-3.223178032911284130e-01,3.009080829132981805e-02,7.266156566614123680e-02,-1.968046726758867215e-01,-3.602043896592538874e-01,1.609428971180922562e-03,8.030344616367945422e-04,7.068150051167161477e-04,7.252806268938793858e-04,1.320301546238927294e-02,1.129521120802702561e-03,-1.729828241549703771e-02,3.673798158017473167e-04,1.086017683159462696e-03,-4.132717956982310398e-04,2.282301825365531944e-02,-2.675737305487985856e-02,3.648210119081507496e-03
3.251354731137973825e-02,1.443801845295836772e-01,3.279231011104612570e+00,1.090354217430557771e-01,1.807109607303919729e-01,8.483148340308037383e-02,2.025327301111488551e-02,3.250000000000000111e-02,-2.341826385812012390e+01,2.121663069669305735e+00,-3.096067739221947113e-01,-2.486421204788599737e-01,6.279593817072015582e-02,-1.208182613492891466e+00,-8.616251350337704729e-01,-2.677860453631581983e-01,1.231906649846026935e+00,1.099405351246219409e+00,-4.221007411927355513e-01,-7.870298504588261190e-01,1.239657606421467745e-01,2.324833660656001801e-03,7.334049785501149622e-04,7.838636218220661547e-04,3.596272262462095969e-04,4.781139194924371137e-04,1.160609864730464480e-03,1.020662957568934390e-03,3.442350395916004652e-05,7.519101351954968898e-04,4.109730219290208195e-03,2.389916672440664247e-01,4.020638835892374752e-02,6.564154672961712567e-02,1.083784910379324493e-02,6.265589622617644128e-02,-1.345663078415171299e-02,2.184907326881507794e-03,2.487079647946338623e-03,6.640254591748773194e-03,1.271771942229946162e-02,-1.416666666666666768e-02,-1.197680322088956473e-02,-6.562127726737991829e-01,8.632512121495262702e-01,8.219645729082452057e-01,1.449786148916057116e-01,-8.137833773742975119e-02,-6.449613590716067879e-01,-2.825278579628845432e-01,9.931199288961527483e-01,3.326948458205472026e-01,-7.769292881042357823e-01,-5.229801432973466557e-01,7.016494987302847042e-01,-3.619516950642326283e-03,-2.079319661061567077e-03,-7.945353043250689105e-04,-8.011705600139730488e-04,-1.466056249539041990e-02,-4.940296250019668434e-04,-6.394159265036823171e-03,-4.365851098079590259e-04,-1.000455155239309609e-03,-7.153709976712318078e-03,9.787511622746603024e-02,6.548241782888465645e-03,2.763844290229093559e-02
3.501458941225510380e-02,1.070236703710062409e-01,3.124125878920748889e+00,1.138116498941562638e-01,1.650402287532743428e-01,1.720838560170633857e-01,1.682496111918669809e-02,3.250000000000000111e-02,-2.454375598576413253e+01,7.886433973183994972e-01,-1.826681747403398948e+00,-9.941098000503298948e-01,5.193892338345563742e-01,-1.249029547775746707e+00,-1.070187343505416999e+00,-3.076719533015040975e-01,7.092128040490085494e-01,1.235674579127993944e+00,-4.173063142238015583e-02,-4.897734617917041122e-01,-4.073932449975115055e-01,4.311708358257825891e-04,2.377443318731710809e-04,1.516243446963407222e-04,1.383957146476074817e-04,4.744640057824235473e-04,1.253957432933091600e-04,1.866697394251780372e-03,2.065793293690498312e-04,2.188402483854032677e-04,2.119354198908874817e-02,1.615693960254645234e-01,4.606299961188974230e-03,4.428323517872094495e-02,2.501042100875365548e-03,-3.735651415857743629e-02,-1.551051321838636810e-01,4.776228151100486707e-03,-1.567073197711763011e-02,8.725237261398301192e-02,-3.428311891928187416e-03,0.000000000000000000e+00,-1.125492127644008633e+00,-1.333019672350906237e+00,-1.517074973481204125e+00,-7.454676795714698656e-01,4.565932956638362183e-01,-4.084693428285524064e-02,-2.085622084716465263e-01,-3.988590793834589920e-02,-5.226938457970183860e-01,1.362692278817745350e-01,3.803701097703554024e-01,2.972563886671220068e-01,-5.313590056396583217e-01,-1.893662824830219266e-03,-4.956606466769438541e-04,-6.322392771257254055e-04,-2.212315115986021152e-04,-3.649913710013566459e-06,-1.035214121437155266e-03,8.460344366828459819e-04,1.721558254098897779e-04,-5.330698868100936221e-04,1.708381176979854171e-02,-7.742227121860190131e-02,-3.560008839773477068e-02,-2.135831155089618072e-02
3.459774906210921069e-02,8.022983138928042879e-02,3.153772879960141218e+00,1.374594033482756106e-01,1.946050192913805488e-01,1.531224697368535614e-01,4.134627834543646435e-02,5.416666666666666852e-02,-2.283376178821380620e+01,7.420108203705663152e-01,-1.912349460687357006e+00,-1.003686492581700312e-01,-3.456506597160465821e-01,3.957549804105850444e-01,-3.222561484951115274e-01,-8.974631648120136029e-01,-4.175435468844099773e-01,8.023321783627920256e-01,9.966634766057913541e-01,-2.405143283707949220e-01,-1.659772002587606432e-01,2.412989121228817878e-04,1.380396276105076020e-04,1.339484946218245844e-03,1.556779157406468390e-03,4.512108979281296488e-04,8.823671685831756348e-04,7.199114210725002065e-03,2.786699596061304948e-02,1.110939261032021647e-01,3.769753996376238279e-03,5.413651392186910778e-03,7.243061395422559787e-04,3.037015350965192179e-02,-4.168403501458931015e-04,-2.679383898172581213e-02,2.964700103939232889e-02,2.364775345411934682e-02,2.956479053810620594e-02,-1.896138628020982431e-02,2.452131722624976626e-02,2.166666666666666741e-02,1.709994197550326334e+00,-4.663257694783318197e-02,-8.566771328395805796e-02,8.937411507921598774e-01,-8.650398935506029563e-01,1.644784528186331807e+00,7.479311950103054718e-01,-5.897912115105095054e-01,-1.126756350933418638e+00,-4.333424007652019183e-01,1.038394108028171559e+00,2.492591334209091902e-01,2.414160447387508623e-01,-1.898719237029008013e-04,-9.970470426266347897e-05,1.187860601521905203e-03,1.418383442758860882e-03,-2.325310785429389850e-05,7.569714252898664206e-04,5.332416816473221910e-03,2.766041663124399821e-02,1.108750858548167573e-01,-1.742378799271250903e-02,-1.561557446332776100e-01,-3.881993821646718360e-03,-1.391308166906902316e-02
5.043768236765319019e-02,9.233728076342181956e-02,3.306956170735479539e+00,1.400747185382172355e-01,1.930057082876550922e-01,1.471355395740691074e-01,2.308965921372216346e-02,5.333333333333333676e-02,-2.328572938417635640e+01,5.622738129825446407e-01,-2.100048010819415722e+00,1.657962816358073133e-02,-5.096454762083806322e-01,4.301368676532132396e-01,1.896306723140000483e-01,-1.008345421896141847e+00,-6.514800121831737512e-01,1.456270102016102297e-02,4.450723066073530854e-01,2.679663953445869939e-01,2.157462122333133059e-01,1.931044306592322743e-04,1.069418304471399630e-03,4.473997852907922630e-04,3.691035935822279323e-04,5.227505126013047131e-04,2.366806587289712032e-03,2.055428026010690801e-01,9.216630563571449886e-03,3.009624436311860579e-03,9.338276087978041907e-04,1.617824015367795706e-03,2.310363872987351581e-04,5.635785813531942606e-02,1.583993330554397949e-02,1.210744937414139077e-02,1.531832907753383211e-01,2.615315189941624929e-03,-1.599311003725456537e-03,-5.986930162784454001e-03,-1.825661913171430090e-02,-8.333333333333317605e-04,-4.519675959625502060e-01,-1.797370073880216745e-01,-1.876985501320587169e-01,1.169482774217507626e-01,-1.639948164923340501e-01,3.438188724262819518e-02,5.118868208091116312e-01,-1.108822570841282440e-01,-2.339364652987637738e-01,-7.877694773426310304e-01,-5.515911699984382688e-01,5.084807237153818882e-01,3.817234124920739768e-01,-4.819448146364951348e-05,9.313786768608920547e-04,-8.920851609274535812e-04,-1.187675563824240350e-03,7.153961467317506437e-05,1.484439418706536397e-03,1.983436883903440806e-01,-1.865036539704159960e-02,-1.080843016668903006e-01,-2.835926387578434089e-03,-3.795827376819114855e-03,-4.932697522435207935e-04,2.598770462566750428e-02
4.168403501458941424e-02,5.896073608545328998e-02,3.186105834383633262e+00,1.014177399507104615e-01,1.493714626075021701e-01,9.472193689638359893e-02,9.313053406003680285e-03,6.500000000000000222e-02,-2.426007177875931120e+01,6.671731233179083453e-01,-2.767884700221030947e+00,7.754166091153813500e-02,-1.475484969282696346e+00,-2.249664089054977389e-01,3.332618204270301199e-01,-1.369838282721257183e+00,-2.203792900157621193e-01,5.427611957242883811e-02,7.766032242940397179e-01,6.494902549360183075e-01,1.190849104852724494e-01,2.194945453531883719e-04,1.553183498936713640e-03,1.506825059196829127e-03,1.687650403701776609e-04,4.068620810297300400e-04,2.128440127235538184e-03,1.416102699506185114e-01,9.634125566018673231e-03,8.146046249348825111e-03,1.135900336279417524e-03,4.171908193421568038e-03,2.513026984365338825e-04,3.852057048652444970e-02,-8.753647353063775949e-03,-3.337654467796852958e-02,-1.208503363518462770e-01,-3.865697858750677396e-02,-4.363424568015292215e-02,-5.241360267768550851e-02,-1.377660580771848317e-02,1.166666666666666546e-02,-9.743423945829547961e-01,1.048993103353637046e-01,-6.678366894016152244e-01,6.096203274795740368e-02,-9.658394930743157136e-01,-6.551032765587110340e-01,1.436311481130300716e-01,-3.614928608251153364e-01,4.311007221674116319e-01,3.971341855226781514e-02,3.315309176866866325e-01,3.815238595914313136e-01,-9.666130174804085651e-02,2.639011469395609755e-05,4.837651944653140103e-04,1.059425273906036864e-03,-2.003385532120502714e-04,-1.158884315715746731e-04,-2.383664600541738482e-04,-6.393253265045056866e-02,4.174950024472233456e-04,5.136421813036964532e-03,2.020727274816133331e-04,2.554084178053772115e-03,2.026631113779872443e-05,-1.783728764879497636e-02
3.834931221342226249e-02,3.756195359582991354e-03,2.723402889435607932e+00,9.006525800583371766e-02,1.382938434406348616e-01,5.716291273139674500e-02,1.096093617736863292e-02,6.500000000000000222e-02,-2.661397407232549739e+01,1.705635412780847737e+00,-2.002169311386777562e+00,8.886970088628229902e-01,-1.208349449374322759e+00,-6.164383770957447828e-01,-4.368042233632718485e-01,-1.044170315065914734e+00,-2.367071028821257639e-01,-3.672693915091724270e-01,5.430130311719343350e-01,7.373635935449054379e-01,1.519118005967405871e-01,9.945980478387481203e-04,1.500770915351338532e-02,1.867230941782390460e-03,4.705454122940052534e-04,3.662076790438915062e-03,1.751185189122017594e-02,8.844596668013018914e-02,1.094962579742251793e-02,1.160329589100723632e-02,3.245407743727128560e-03,1.267707837565893933e-02,1.207757947418306409e-03,2.319824902379604564e-02,-3.334722801167151751e-03,-5.520454072587029776e-02,-4.627029449480253298e-01,-1.135248194487674389e-02,-1.107761916686730852e-02,-3.755902416498685392e-02,1.647882771364952634e-03,0.000000000000000000e+00,-2.353902293566186188e+00,1.038462289462939392e+00,7.657153888342533854e-01,8.111553479512848552e-01,2.671355199083735865e-01,-3.914719681902470438e-01,-7.700660437903019684e-01,3.256679676553424496e-01,-1.632781286636364459e-02,-4.215455110816012652e-01,-2.335901931221053829e-01,8.787333860888713044e-02,3.282689011146813773e-02,7.751035024855597484e-04,1.345452565457667254e-02,3.604058825855613324e-04,3.017803719238275925e-04,3.255214709409185239e-03,1.538341176398463732e-02,-5.316430327048832227e-02,1.315500231403844700e-03,3.457249641658411213e-03,2.109507407447711036e-03,8.505170182237370424e-03,9.564552489817725262e-04,-1.532232146272840406e-02
3.334722801167153139e-02,1.070106978101343086e-04,3.135452945819141135e+00,1.004001737524825022e-01,1.652698416601015297e-01,6.558457339224177396e-02,5.637996772122702734e-03,6.666666666666666574e-02,-3.163648302970560167e+01,1.575584150123480409e+00,-7.359513935466877044e-01,1.282970625823058430e+00,-7.854489747590105431e-01,-4.116134302042955273e-01,-2.968519571738578167e-01,-1.133393460264434438e+00,-8.265981801328148304e-03,4.049328039563231119e-02,7.765625119518111408e-01,6.993458504199476788e-01,-1.263968628713638964e-01,1.140035266926680158e-03,6.223764516679794120e-03,7.427042758070005225e-03,1.381919567040733928e-03,5.969613386231086309e-04,2.160383215603413690e-03,8.364887987989978735e-02,3.908918631262766827e-03,6.631585558098375410e-02,3.293713201631287817e-03,1.896740197138664305e-02,4.763639091295816135e-04,2.692088681253771223e-02,-5.002084201750731096e-03,-3.649184661772857195e-03,4.120500563835332031e-01,1.033491574664878454e-02,2.697599821946666809e-02,8.421660660845028956e-03,-5.322939405245930185e-03,1.666666666666663521e-03,-5.022508957380104277e+00,-1.300512626573673280e-01,1.266217917840089857e+00,3.942736169602354401e-01,4.229004746153122163e-01,2.048249468914492555e-01,1.399522661894140318e-01,-8.922314519851970438e-02,2.284411210807976156e-01,4.077626719048047521e-01,2.335494807798768058e-01,-3.801774312495775909e-02,-2.783086634681044558e-01,1.454372190879320379e-04,-8.783944636833591196e-03,5.559811816287615199e-03,9.113741547467286205e-04,-3.065115451815806323e-03,-1.535146867561676225e-02,-4.797086800230401793e-03,-7.040707166159751104e-03,5.471255968997651431e-02,4.830545790415925744e-05,6.290323595727703720e-03,-7.313940382887248494e-04,3.722637788741666592e-03
2.501042100875364681e-03,7.439423752619899258e-05,3.302742016254611723e+00,8.744616849492435617e-02,1.499651168315348226e-01,3.238054323399178897e-02,7.349097555264497150e-02,0.000000000000000000e+00,-3.368166134514504506e+01,1.073149544465017868e+00,-1.556614923485972746e-01,8.794862019068152570e-01,-5.919529897102677740e-01,-7.734498987109750257e-01,-2.073757519778191005e-01,-9.098171630689597666e-01,-2.725938625746505695e-01,-7.735038602824585718e-02,5.634409303047764883e-01,3.743815943641190525e-02,3.717461510334366115e-02,1.688867296485610623e-04,3.624313374220642205e-04,7.310731052111626429e-04,2.966776922623144404e-04,1.638019586050619165e-03,8.992897315131014513e-04,1.584832993922702937e-01,2.649656043390060116e-04,5.482788200542298637e-03,2.648223140645062875e-04,2.132031269428356088e-04,5.993599913843773746e-05,4.356526457080741460e-02,-3.084618591079616584e-02,-3.261646028393531602e-05,1.672890704354705882e-01,-1.295400525755814602e-02,-1.530472482856670702e-02,-3.320403015824998499e-02,6.785297878052226617e-02,-6.666666666666666574e-02,-2.045178315439443395e+00,-5.024346056584625408e-01,5.802899011980904298e-01,-4.034844239162431734e-01,1.934959850487427691e-01,-3.618364685066794983e-01,8.947620519603871614e-02,2.235762971954746714e-01,-2.643278807733224212e-01,-1.178436664238781684e-01,-2.131215816470346525e-01,-6.619076909835357458e-01,1.635714779747075576e-01,-9.711485372781191502e-04,-5.861333179257730008e-03,-6.695969652858842908e-03,-1.085241874778419434e-03,1.041058247427510425e-03,-1.261093484090312130e-03,7.483441951237050638e-02,-3.643953026923760653e-03,-6.083306738044145373e-02,-3.028890887566781584e-03,-1.875419884444380625e-02,-4.164279099911438829e-04,1.664437775826970237e-02
0.000000000000000000e+00,4.678325967082992568e-05,3.314433723344794025e+00,1.185013676177025937e-01,1.772374998838987803e-01,5.578980408044355993e-02,2.997300035075194970e-03,0.000000000000000000e+00,-3.504647672527700308e+01,7.654543561802696905e-01,-1.934490453144717403e-01,3.717795258929080804e-01,-4.380040651529070184e-01,-9.753677981227224514e-01,-4.259995709182076706e-01,-9.448073570153057155e-01,3.284544744492496893e-01,3.736532805544823949e-02,4.560166797866122002e-01,1.363835641841473212e-01,-1.610598724618802491e-01,1.324838518260759018e-04,2.148541159860329524e-04,1.011187370851032697e-04,1.258302925703034397e-04,1.572693273605702392e-04,2.921010383824312537e-05,1.625060354223305248e-01,1.220239249311052919e-04,1.033710611150578896e-03,3.240301057907362509e-04,6.607633065759844094e-04,2.595292773008359816e-04,4.483571272956579645e-02,-2.501042100875364681e-03,-2.761097785536906690e-05,1.169170709018230170e-02,3.105519912277823757e-02,2.727238305236395766e-02,2.340926084645177097e-02,-7.049367551756977046e-02,0.000000000000000000e+00,-1.364815380131958023e+00,-3.076951882847481778e-01,-3.778755296587446577e-02,-5.077066760139071766e-01,1.539489245573607556e-01,-2.019178994117474257e-01,-2.186238189403885701e-01,-3.499019394634594882e-02,6.010483370239002587e-01,1.147157140836941036e-01,-1.074242505181642882e-01,9.894540474773541594e-02,-1.982344875652239102e-01,-3.640287782248516043e-05,-1.475772214360312681e-04,-6.299543681260594274e-04,-1.708473996920110006e-04,-1.480750258690048844e-03,-8.700796276748583259e-04,4.022736030060231061e-03,-1.429416794079007061e-04,-4.449077589391719524e-03,5.920779172622996338e-05,4.475601796331488006e-04,1.995932781623982509e-04,1.270448158758381851e-03
0.000000000000000000e+00,5.062142806315675467e-05,3.316854438640044478e+00,1.455311792066235899e-01,1.884091667523925262e-01,7.808202277254179535e-02,1.337675134633167654e-03,0.000000000000000000e+00,-3.549680436324993593e+01,1.934873823407775029e-01,-2.172263872523705064e-01,2.190880176699303017e-02,-5.517045383908165679e-01,-5.181942600476887595e-01,-3.531060276003604170e-01,-7.057848287293635448e-01,4.726850968823835819e-01,-6.642920039127571397e-02,6.561853944413649220e-01,1.099407488942339695e-01,-4.201431423178972890e-01,1.106941684439224330e-04,8.545463927140317315e-05,2.262900729394055226e-04,7.969482016479197031e-05,1.112042653125199068e-04,6.711292076364500710e-05,1.632324751140373231e-01,1.386220853752267774e-05,1.584368596919958131e-04,1.611741999773322863e-04,3.044197622110716571e-04,3.071720631815509531e-04,4.507431528273584537e-02,0.000000000000000000e+00,3.838168392326828994e-06,2.420715295250452925e-03,2.702981158892099611e-02,1.117166686849374591e-02,2.229221869209823542e-02,-1.659624900442027316e-03,0.000000000000000000e+00,-4.503276379729328482e-01,-5.719669738394921321e-01,-2.377734193789876604e-02,-3.498707241259150225e-01,-1.137004732379095495e-01,4.571735380750336919e-01,7.289354331784725360e-02,2.390225282859421707e-01,1.442306224331338926e-01,-1.037945284467239604e-01,2.001687146547527218e-01,-2.644281528991335173e-02,-2.590832698560170400e-01,-2.178968338215346882e-05,-1.293994767146297792e-04,1.251713358543022530e-04,-4.613547240551146942e-05,-4.606506204805033242e-05,3.790281692540188173e-05,7.264396917067983406e-04,-1.081617163935826091e-04,-8.752737514585830561e-04,-1.628559058134039646e-04,-3.563435443649127523e-04,4.764278588071497143e-05,2.386025531700489144e-04
0.000000000000000000e+00,4.357921063598582353e-05,3.297262356269470729e+00,1.487249491966586290e-01,1.842831810444569562e-01,1.034897407447798595e-01,1.836992533517070115e-03,0.000000000000000000e+00,-3.545564971342390947e+01,2.344883071801895369e-01,1.438440996271570654e-02,2.050339653198463563e-01,-6.633427465487533592e-01,-3.787872663731675082e-01,-2.312794777526799850e-03,-5.506021418897291131e-01,8.321805582028269921e-01,1.732590216362432378e-01,5.483540099453207972e-01,2.279632878375884575e-01,-3.538811261885030923e-01,3.896940024620986127e-04,7.072616052551386142e-05,4.240564196999625215e-04,3.507430239655141293e-05,7.481010610506434754e-05,1.163828159086800670e-04,1.623298496785897382e-01,9.471200026984079426e-06,2.397779064970881596e-04,4.817755405182079249e-04,4.136481370284222133e-04,2.198817954260787948e-04,4.480369363839412089e-02,0.000000000000000000e+00,-7.042217427170931144e-06,-1.959208237057374902e-02,3.193769990035039141e-03,-4.125985707935569957e-03,2.540771797223806416e-02,4.993173988839024607e-04,0.000000000000000000e+00,4.115464982602645705e-02,4.100092483941203403e-02,2.316107972150862060e-01,1.831251635528533261e-01,-1.116382081579367913e-01,1.394069936745212512e-01,3.507932328228335894e-01,1.551826868396344317e-01,3.594954613204434102e-01,2.396882220275189379e-01,-1.078313844960441248e-01,1.180225389433544880e-01,6.626201612939419672e-02,2.789998340181761797e-04,-1.472847874588931172e-05,1.977663467605569989e-04,-4.462051776824055738e-05,-3.639415920745555928e-05,4.926989514503505988e-05,-9.026254354475848896e-04,-4.391008510538598318e-06,8.134104680509234649e-05,3.206013405408756657e-04,1.092283748173505562e-04,-8.729026775547215830e-05,-2.706216443417244766e-04
0.000000000000000000e+00,3.663142761900573864e-05,3.320364951907351703e+00,1.503678714759880408e-01,1.829888589122764531e-01,1.032500555526091324e-01,8.743993180420427764e-04,0.000000000000000000e+00,-3.552185312847762333e+01,-7.507874430592849369e-02,-7.177835173450007877e-01,-3.817652998302407119e-01,-8.737859849136296875e-01,-2.967647770333414758e-01,6.663566209398948115e-02,-4.653357322416711295e-01,8.904628870570653332e-01,4.251092108926472768e-02,4.638238856232635987e-01,1.417983694160464547e-01,-4.283490076507649458e-01,2.060542309771402219e-04,1.507267750169616382e-04,1.836476707544150086e-04,5.282651927360123558e-05,5.939503502777983339e-05,1.281596547863561280e-05,1.608942627042906359e-01,2.634461319791794618e-05,1.205532911062436800e-04,1.730467780237547658e-04,4.401814013921137125e-04,2.767476692336711232e-04,4.442619980144305730e-02,0.000000000000000000e+00,-6.947783016980084892e-06,2.310259563788097381e-02,1.642922279329411817e-03,-1.294322132180503182e-03,-2.396851921707271460e-04,-9.625932154750273381e-04,0.000000000000000000e+00,-6.620341505371385438e-02,-3.095670514861180167e-01,-7.321679273077165151e-01,-5.867992651500870682e-01,-2.104432383648763283e-01,8.202248933982603241e-02,6.894845687151628100e-02,8.526640964805798362e-02,5.828232885423834109e-02,-1.307481005469784963e-01,-8.453012432205719850e-02,-8.616491842154200276e-02,-7.446788146226185345e-02,-1.836397714849583908e-04,8.000061449144777674e-05,-2.404087489455475129e-04,1.775221687704982266e-05,-1.541507107728451415e-05,-1.035668504300444508e-04,-1.435586974299102314e-03,1.687341317093386675e-05,-1.192246153908444795e-04,-3.087287624944531862e-04,2.653326436369149921e-05,5.686587380759232846e-05,-3.774938369510635883e-04
8.336807002917882630e-04,3.429324785479742128e-05,3.313260365882809921e+00,1.362301763744225291e-01,1.789779779870527832e-01,8.073997246153880036e-02,1.232999797304959715e-03,0.000000000000000000e+00,-3.571354860264798248e+01,2.601334553528721338e-01,-2.727969326683593043e-01,1.183620119418023198e-01,-9.394453593601359565e-01,-4.485086291208801867e-01,2.420010278968717232e-01,-6.723341557519785239e-01,5.661856800292731640e-01,9.541439135717683095e-02,7.831468193289584656e-01,2.641736723126925090e-01,-5.823840547177256965e-01,6.920700242638638464e-04,4.279800397623028714e-05,5.571021880842765266e-04,4.958325611627574622e-05,5.629692651809247009e-05,7.962413006136315034e-05,1.609109148806724121e-01,4.702327589500400685e-05,1.722759062889722811e-04,2.137145872832288233e-04,1.176886540731941462e-03,4.332966107161716511e-04,4.438621264386770349e-02,8.336807002917882630e-04,-2.338179764208317358e-06,-7.104586024541781342e-03,-1.413769510156551168e-02,-4.010880925223669902e-03,-2.251008309107033201e-02,3.586004792629169389e-04,0.000000000000000000e+00,-1.916954741703591480e-01,3.352121996588006136e-01,4.449865846766414834e-01,5.001273117720430594e-01,-6.565937444650626897e-02,-1.517438520875387109e-01,1.753653658028822560e-01,-2.069984235103073944e-01,-3.242772070277921692e-01,5.290347026791210328e-02,3.193229337056948669e-01,1.223753028966460543e-01,-1.540350470669607508e-01,4.860157932867236515e-04,-1.079287710407313442e-04,3.734545173298615180e-04,-3.243263157325489360e-06,-3.098108509687363303e-06,6.680816458272753416e-05,1.665217638177618475e-05,2.067866269708606067e-05,5.172261518272860113e-05,4.066780925947405755e-05,7.367051393398276957e-04,1.565489414825005279e-04,-3.998715757535381554e-05
