2.041742286751361060e-02,5.922887767912658101e-04,3.045272216281432520e+00,1.196206568817149429e-01,1.911550811507648218e-01,1.234164994528489379e-01,0.000000000000000000e+00,1.088929219600725910e-02,-2.953524318799927784e+01,2.494518062770040068e+00,3.854661831467689481e-01,7.790803734237321532e-01,4.731777612004568478e-01,3.538960028525261481e-01,4.586469251957879800e-01,-2.843236181450667921e-01,-1.181321173028047344e-01,-9.542360695464383036e-02,-1.717363585230839429e-01,2.468717814052218407e-01,-1.596658939306448977e-01,7.377857347565559484e-03,5.320267721616761840e-04,6.344820234205986176e-02,7.999214179267251368e-03,2.208150865381380834e-02,1.653572566401746973e-03,1.058842713370957977e-01,2.450068428599830664e-04,1.537435358980179540e-03,1.512744138960054946e-03,1.309061759520670221e-01,6.017434705258367872e-04,4.391181958227392129e-02,0.000000000000000000e+00,0.000000000000000000e+00,0.000000000000000000e+00,0.000000000000000000e+00,0.000000000000000000e+00,0.000000000000000000e+00,0.000000000000000000e+00,0.000000000000000000e+00,0.000000000000000000e+00,0.000000000000000000e+00,0.000000000000000000e+00,0.000000000000000000e+00,0.000000000000000000e+00,0.000000000000000000e+00,0.000000000000000000e+00,0.000000000000000000e+00,0.000000000000000000e+00,0.000000000000000000e+00,0.000000000000000000e+00,0.000000000000000000e+00,0.000000000000000000e+00,0.000000000000000000e+00,0.000000000000000000e+00,0.000000000000000000e+00,0.000000000000000000e+00,0.000000000000000000e+00,0.000000000000000000e+00,0.000000000000000000e+00,0.000000000000000000e+00,0.000000000000000000e+00,0.000000000000000000e+00,0.000000000000000000e+00,0.000000000000000000e+00,0.000000000000000000e+00
4.174228675136116423e-02,5.044089151868536274e-04,3.055972998683962771e+00,1.256909895176279157e-01,1.602681364319039070e-01,3.427594551644383980e-01,4.298463709715071197e-03,3.266787658802177557e-02,-2.917461953501714689e+01,2.148648838576010967e+00,3.608271561699133434e-01,9.784908656176845021e-01,4.424782106350695909e-01,2.394651117013561203e-01,5.539457067898551079e-02,-2.856863243059334367e-01,2.083243530305802227e-01,-4.306485223792534678e-02,-5.108832007608389569e-02,9.104763293495203580e-02,7.907896360749203102e-02,6.765101805294338085e-03,8.133382344355489200e-04,1.057544343973403494e-01,7.761942996814303816e-03,1.867881269744544118e-02,3.168533722355523774e-03,1.525713405270326672e-01,2.826520801669437657e-04,1.500634176674344030e-03,3.457847798224407149e-03,4.384200739514425987e-02,1.094491277875294342e-03,4.735214331276053207e-02,2.132486388384755363e-02,-8.787986160441218272e-05,1.070078240253025115e-02,6.070332635912972785e-03,-3.088694471886091475e-02,2.193429557115894601e-01,4.298463709715071197e-03,2.177858439201451474e-02,3.606236529821309489e-01,-3.458692241940291012e-01,-2.463902697685560472e-02,1.994104921939523489e-01,-3.069955056538725691e-02,-1.144308911511700277e-01,-4.032523545168024692e-01,-1.362706160866644645e-03,3.264564703333849849e-01,5.235875471671848358e-02,1.206480384470000472e-01,-1.558241484702698187e-01,2.387448575381369287e-01,-6.127555422712213998e-04,2.813114622738727361e-04,4.230623205528048769e-02,-2.372711824529475516e-04,-3.402695956368367164e-03,1.514961155953776801e-03,4.668706918993686950e-02,3.764523730696069928e-05,-3.680118230583550969e-05,1.945103659264352204e-03,-8.706416855692275525e-02,4.927478073494575552e-04,3.440323730486610776e-03
5.580762250453720485e-02,3.796173856114900668e-04,2.794415453958604800e+00,1.229470748301196292e-01,1.522719071526902612e-01,3.419223707576405369e-01,4.510148436674417394e-03,2.631578947368420907e-02,-2.961511896074394556e+01,2.093924662859802055e+00,3.810512404311352519e-01,7.978377857578188292e-01,3.255463333529188819e-01,2.768063137742202140e-01,3.898604165166595359e-01,2.896125351720005847e-01,1.906690440267078679e-01,-2.278801932153466936e-01,-1.934962810337968464e-01,1.392369595578906438e-01,-4.080145262595026301e-01,3.736406770340125472e-02,2.274163475437375719e-03,5.081520491562913772e-02,2.369067880480764995e-03,5.236744629679809110e-02,6.549825419265013120e-04,8.075301017769498380e-02,3.399565478541519462e-04,5.259350690280174042e-04,6.431228238579227326e-03,7.221865056047559184e-02,8.931385125490122652e-04,2.980005610659699697e-02,1.406533575317604062e-02,-1.247915295753635606e-04,-2.615575447253579711e-01,-2.743914687508286487e-03,-7.996229279213645791e-03,-8.370844067978611136e-04,2.116847269593461964e-04,-6.352087114337566509e-03,-4.404994257267986768e-01,-5.472417571620891152e-02,2.022408426122190850e-02,-1.806530798598656729e-01,-1.169318772821507091e-01,3.734120207286409365e-02,3.344658458376740251e-01,5.752988594779340215e-01,-1.765530900387235480e-02,-1.848153409774213607e-01,-1.424079609577129646e-01,4.818932662293860802e-02,-4.870934898669946334e-01,3.059896589810691750e-02,1.460825241001826799e-03,-5.493922948171121173e-02,-5.392875116333538388e-03,3.368863359935264645e-02,-2.513551180429022570e-03,-7.181833034933768345e-02,5.730446768720818054e-05,-9.746991076463266263e-04,2.973380440354820176e-03,2.837664316533133196e-02,-2.013527653262820773e-04,-1.755208720616353510e-02
1.860254083484573495e-02,9.120372013820377639e-04,2.942973207688890813e+00,1.320773626744619067e-01,2.141449746404836540e-01,1.103383415221438901e-01,1.045563465137962569e-02,1.996370235934664256e-02,-2.843759919642123535e+01,2.820533804944067580e+00,9.122400722593237976e-02,3.442282334388478415e-01,1.522749167031747786e-01,-3.432606757479270132e-01,-4.190992685394401285e-01,1.174932715846607745e-03,2.127294327005748997e-01,-1.322906304022245239e-01,-2.927510785034973528e-01,-3.606437707026918238e-01,-2.316210918262909257e-01,3.195597425992353913e-02,1.042223849313913576e-02,1.020583326727339674e-01,4.957698931289176991e-02,9.954913517564781961e-03,4.180428990928799875e-03,4.880544912099334109e-02,1.317754809050166462e-03,3.775568973643273190e-03,2.208098756021667063e-03,5.611239215129914387e-02,7.158817323294364848e-04,3.038759473848098858e-02,-3.720508166969146990e-02,5.324198157705476971e-04,1.485577537302860129e-01,9.130287844342277470e-03,6.187306748779339283e-02,-2.315840292354966468e-01,5.945486214705208300e-03,-6.352087114337566509e-03,1.177519764322710216e+00,7.266091420842655246e-01,-2.898272332052028721e-01,-4.536095523189709877e-01,-1.732714166497441033e-01,-6.200669895221472272e-01,-8.089596850560996089e-01,-2.884376024561539631e-01,2.206038867386703184e-02,9.558956281312216974e-02,-9.925479746970050643e-02,-4.998807302605824399e-01,1.763934344332117043e-01,-5.408093443477715589e-03,8.148075017701759612e-03,5.124312775710482964e-02,4.720792143241100275e-02,-4.241253277923330567e-02,3.525446449002298671e-03,-3.194756105670164270e-02,9.777982611960144618e-04,3.249633904615256003e-03,-4.223129482557560696e-03,-1.610625840917644797e-02,-1.772567802195757804e-04,5.875386318839916078e-04
1.588021778584391974e-02,1.167227129730268216e-02,3.144085262830595529e+00,1.676393417933785268e-01,2.374712482524782842e-01,1.511073601105819009e-01,7.436666146624064215e-03,4.809437386569873074e-02,-2.452026738586306465e+01,1.886254113001964772e+00,-2.393649673846616754e-01,8.180536797436018803e-01,-2.017733081292092945e-01,-2.808498776358761551e-01,-2.083641522152429315e-01,-2.267195844734557764e-01,1.190690684591179382e-01,-2.612683871859274864e-01,-2.434955524835931695e-01,-6.335195508847795143e-01,-7.496568402586528679e-01,1.027659900344608246e-01,3.405966478920103950e-03,1.099390032484802437e-01,1.131920880065458331e-02,5.817865162366003644e-03,1.958644260383415620e-03,1.038148873440708844e-02,1.192433453167062070e-02,4.181500049130474532e-04,1.019285037881020352e-03,8.429573334392120865e-03,5.533145412712453352e-03,3.760642442826699766e-02,-2.722323049001815209e-03,1.076023409592064516e-02,2.011120551417047153e-01,3.556197911891662011e-02,2.332627361199463012e-02,4.076901858843801074e-02,-3.018968504755561479e-03,2.813067150635208818e-02,3.917331810558170702e+00,-9.342796919421028079e-01,-3.305889746105940552e-01,4.738254463047540388e-01,-3.540482248323840730e-01,6.241079811205085814e-02,2.107351163241971970e-01,-2.278945171893023702e-01,-9.366036424145696149e-02,-1.289777567837029626e-01,4.925552601990418333e-02,-2.728757801820876905e-01,-5.180357484323618866e-01,7.081001577453728546e-02,-7.016272014219031815e-03,7.880670575746276385e-03,-3.825778051223718834e-02,-4.137048355198778317e-03,-2.221784730545384254e-03,-3.842396038658625612e-02,1.060657972262045445e-02,-3.357418968730225845e-03,-1.188813718140646711e-03,-4.768281881690702301e-02,4.817263680383016868e-03,7.218829689786009085e-03
2.359346642468239733e-02,4.300458181132436886e-02,3.287026430526628129e+00,9.817337196735022309e-02,1.434268336059364435e-01,1.286967494604911999e-01,1.645202601357341129e-02,8.166969147005444241e-02,-2.320547596974727966e+01,3.916291362132950371e-01,-7.533461848886612300e-01,9.129730293196215429e-01,3.726714780889798795e-01,4.168189279755527554e-01,-2.750140941574549247e-01,7.758885840204894635e-02,1.641206948491425455e-01,-1.746125730777241258e-01,4.335338034326418066e-01,-4.751631254557218131e-01,-5.078436924284952525e-01,1.549426671413120515e-01,2.405602717334820570e-04,9.806011276655503955e-03,5.200415936122015524e-04,4.449763375343488629e-04,4.857890395231708597e-03,3.014198810376002898e-03,2.974023075112056233e-04,1.937964110896801644e-03,3.777725434385743202e-04,6.939558656292482350e-03,6.690868423668830910e-03,4.205449164604576490e-02,7.713248638838477583e-03,3.133231051402168843e-02,1.429411676960326005e-01,-6.946596982602830372e-02,-9.404441464654184069e-02,-2.241061065009070097e-02,9.015359866949346213e-03,3.357531760435571166e-02,1.314791416115784983e+00,-1.494624976788669679e+00,-5.139812175039994990e-01,9.491934957601966261e-02,5.744447862181891740e-01,6.976688056114288550e-01,-6.664994194221199320e-02,3.043084428755047366e-01,4.505162639002460723e-02,8.665581410820336061e-02,6.770293559162350316e-01,1.583564254290577011e-01,2.418131478301576154e-01,5.217667710685122695e-02,-3.165406207186621974e-03,-1.001329919718247363e-01,-1.079916720704238164e-02,-5.372888824831654510e-03,2.899246134848292977e-03,-7.367289924031085110e-03,-1.162693222415941453e-02,1.519814105983754299e-03,-6.415124944424460858e-04,-1.490014678099638515e-03,1.157723010956377557e-03,4.448067217778767235e-03
1.860254083484573495e-02,4.422524013735271847e-02,3.307802715191732190e+00,9.529016347944563314e-02,1.474545647478984478e-01,2.413242081794964577e-01,9.393691405189360383e-03,4.537205081669691553e-02,-2.252117660113412967e+01,1.422541185355212567e+00,-2.022205814037672245e-01,3.062381996732352896e-01,8.255981366198128502e-01,3.971536978467427037e-01,-4.936031927348693560e-01,2.781692569366472911e-01,-2.575459994695536992e-01,-2.101102284405352849e-01,-1.655714363186491789e-01,-4.160151160063809139e-01,-3.633637412491300678e-01,1.348852163877493626e-01,5.159753874529344336e-04,1.821767272245587016e-02,2.307013292155431477e-03,2.029621009676980253e-03,2.511396533299127196e-02,2.248823990575467627e-03,3.070606079962086136e-04,5.821926545133049215e-04,4.813203007015028588e-03,6.452286912384370965e-02,3.806580168591987105e-03,3.847884935157947633e-02,-4.990925589836662374e-03,1.220658326028349616e-03,2.077628466510406113e-02,-2.883208487904589945e-03,4.027731141962004324e-03,1.126274587190052578e-01,-7.058334608384050912e-03,-3.629764065335752687e-02,6.842993686131499942e-01,1.030912049141917475e+00,5.511256034848940333e-01,-6.067348296463862534e-01,4.529266585308329707e-01,-1.966523012881005172e-02,-2.185890985774144313e-01,2.005803985345983587e-01,-4.216666943186962446e-01,-3.549765536281115907e-02,-5.991052397512910410e-01,5.914800944934089921e-02,1.444799511793651847e-01,-2.005745075356268892e-02,2.754151157194523495e-04,8.411661445800366205e-03,1.786971698543229816e-03,1.584644672142631336e-03,2.025607493775956336e-02,-7.653748198005352714e-04,9.658300485002990331e-06,-1.355771456383496722e-03,4.435430463576453888e-03,5.758331046755122556e-02,-2.884288255076843804e-03,-3.575642294466288562e-03
2.813067150635208818e-02,5.970602269634174564e-03,2.019224035334911793e+00,7.103366376720804398e-02,1.213131496574054169e-01,7.955045432844098929e-02,1.215925012256562771e-02,1.088929219600725910e-02,-2.651023275386822320e+01,2.918053492580038544e+00,4.746925028488484521e-01,4.605571999081239376e-01,7.252140671981560649e-01,-1.438979665722561752e-01,-2.759883094705111173e-01,1.081591673814540910e-01,-1.251072582063331717e-01,-4.983944900583160698e-02,-3.137821768413527890e-01,-1.876661990217319276e-01,-3.823951175402951486e-01,1.000726955904177734e-01,4.502513857245187142e-04,2.481685692198760604e-02,7.014893312422940293e-03,5.965686271943170665e-03,7.873120199759913200e-04,2.372112802718363486e-02,2.616510976215760849e-04,1.079375975565626585e-03,4.119923334305730656e-02,7.422061432951154725e-02,2.541585367301492024e-03,3.143688286935173576e-02,9.528130671506353233e-03,-3.825463786771854391e-02,-1.288578679856820397e+00,-2.425649971223758916e-02,-2.614141509049303091e-02,-1.617737538510554685e-01,2.765558717376267323e-03,-3.448275862068965469e-02,-3.989056152734093530e+00,1.495512307224825976e+00,6.769130842526156489e-01,1.543190002348886480e-01,-1.003840694216567853e-01,-5.410516644189988789e-01,2.176148832643582387e-01,-1.700100895551932001e-01,1.324387412632205274e-01,1.602707794347036918e-01,-1.482107405227036101e-01,2.283489169846489864e-01,-1.903137629116508078e-02,-3.481252079733158922e-02,-6.572400172841571945e-05,6.599184199531735878e-03,4.707880020267509250e-03,3.936065262266190412e-03,-2.432665331301528053e-02,2.147230403660816550e-02,-4.540951037463252871e-05,4.971833210523216636e-04,3.638603033604227710e-02,9.697745205667837598e-03,-1.264994801290495081e-03,-7.041966482227740576e-03
4.446460980036297944e-02,1.111405626082274120e-03,2.553320983607557881e+00,1.000193396845231730e-01,1.341949259891746515e-01,1.551619959771899371e-01,2.183543785962619929e-02,5.172413793103448204e-02,-2.759589828624752172e+01,2.032968424211238467e+00,-1.250175569146879884e+00,1.125196943988010290e+00,5.953963440080576319e-01,-2.726235184930950184e-01,5.530134966999291635e-01,6.539188756936125113e-01,-2.525485600749441395e-01,-3.076385998562773949e-01,5.752899746919538926e-02,-2.489846905331910831e-01,-1.606663843557649130e-01,2.198713303626115625e-02,4.912420170388924132e-03,2.207171168218434801e-02,3.253796379203151724e-03,4.193181243245955314e-02,1.022196590965275586e-03,3.013615909788619832e-02,1.150002316505775810e-03,2.838624094723279229e-03,5.076692176854024317e-03,3.474352362141127498e-02,8.805619744188942881e-05,1.451733064997679130e-02,1.633393829401089126e-02,-4.859196643551900660e-03,5.340969482726460882e-01,2.898567591731512905e-02,1.288177633176923464e-02,7.561154164874894779e-02,9.676187737060571586e-03,4.083484573502722120e-02,-1.085665532379298526e+00,-8.850850683688000764e-01,-1.724868071995728336e+00,6.646397440798863521e-01,-1.298177231900984330e-01,-1.287255519208388432e-01,8.290018061704402808e-01,5.457597083121583648e-01,-1.274413018686109678e-01,-2.577991508504458018e-01,3.713111743105481644e-01,-6.131849151145915555e-02,2.217287331845302356e-01,-7.808556255415662062e-02,4.462168784664405363e-03,-2.745145239803258030e-03,-3.761096933219788569e-03,3.596612616051637901e-02,2.348845709892842656e-04,6.415031070702563454e-03,8.883512188841997254e-04,1.759248119157652644e-03,-3.612254116620328137e-02,-3.947709070810027226e-02,-2.453529169859602378e-03,-1.691955221937494619e-02
4.627949183303085162e-02,5.074307112746385918e-04,3.053656759680401400e+00,1.121518348606515003e-01,1.373584278423290450e-01,2.947732215117208621e-01,6.839559084071893807e-03,4.900181488203266683e-02,-2.841296379873350020e+01,2.129022048138097478e+00,-2.385026693776954865e-01,8.128614713509278999e-01,3.882118143416997125e-01,6.417036630638564554e-02,4.212987398611652834e-01,1.187340868197111488e-01,1.855992032928842628e-01,1.629912731897945610e-01,1.515358026011880410e-01,-1.755432602168075507e-01,-5.084969767892778825e-03,4.052090915678466243e-02,1.573787425491275562e-03,2.202177447838191138e-02,3.010836684605303244e-03,2.737642304725681694e-02,3.840199009222120766e-03,4.021844620881245141e-02,6.368726475876937800e-04,5.120727633353561702e-03,6.843422170341999233e-03,1.222061662182781228e-01,3.466146421186977467e-03,3.310778340450618723e-02,1.814882032667872180e-03,-6.039749148076355286e-04,5.003357760728435188e-01,1.213249517612832729e-02,3.163501853154393473e-03,1.396112255345309250e-01,-1.499587877555430548e-02,-2.722323049001815209e-03,-8.170655124859784735e-01,9.605362392685901085e-02,1.011672899769184397e+00,-3.123354726370823897e-01,-2.071845296663579195e-01,3.367938847994806917e-01,-1.317147568387638801e-01,-5.351847888739014181e-01,4.381477633678284023e-01,4.706298730460719559e-01,9.400680513199265176e-02,7.344143031638353247e-02,1.555814145878721411e-01,1.853377612052350618e-02,-3.338632744897648569e-03,-4.993720380243663048e-05,-2.429596945978484794e-04,-1.455538938520273620e-02,2.818002418256844964e-03,1.008228711092625310e-02,-5.131296689180820303e-04,2.282103538630282473e-03,1.766729993487974916e-03,8.746264259686684084e-02,3.378090223745087821e-03,1.859045275452939766e-02
2.132486388384755016e-02,3.622926778819501870e-02,3.116347115210637675e+00,8.157493941313735675e-02,1.474242308130058465e-01,1.922349173634501501e-02,2.327694136132191574e-02,5.081669691470054595e-02,-2.433619015866327118e+01,2.343095372746145877e+00,-1.560508246784872100e+00,1.723069360001268757e+00,1.071322352844424231e+00,-1.805524682169440676e-01,4.006619837444586052e-01,-2.259339301239359776e-01,-5.172198886435759313e-01,-3.810500928662341469e-01,-1.793364821594614633e-02,4.319571754232671978e-02,3.420773535266852239e-02,1.967568116697287692e-02,5.868356674370186349e-02,4.881641585404739372e-03,1.228940920272370008e-03,2.583808760596017703e-02,3.173103455439484446e-04,3.264926800261477770e-03,2.798917637824060219e-03,3.447149501391864380e-04,1.656673133020790042e-02,8.547330088512278268e-02,2.562093285760437870e-04,2.600313502920627989e-02,-2.495462794918330146e-02,3.572183707692037913e-02,6.269035553023627472e-02,-3.057689544751414357e-02,1.006580297067680152e-02,-2.755497297753758401e-01,1.643738227725002193e-02,1.814882032667879119e-03,4.076773640070229021e+00,2.140733246080483987e-01,-1.322005577407176613e+00,9.102078886503408572e-01,6.831105385027245180e-01,-2.447228345233297131e-01,-2.063675611670667820e-02,-3.446680169436471264e-01,-7.028190919364601941e-01,-5.440413660560287079e-01,-1.694694508171341873e-01,2.187389777591342566e-01,3.929270512056130121e-02,-2.084522798981178551e-02,5.710977931821058923e-02,-1.714013289297717374e-02,-1.781895764332933237e-03,-1.538335441296639905e-03,-3.522888663678172376e-03,-3.695351940855097495e-02,2.162044990236366548e-03,-4.776012683214375318e-03,9.723309159865901191e-03,-3.673286533315534008e-02,-3.209937092610933625e-03,-7.104648375299907337e-03
3.266787658802177557e-02,6.004862474622051083e-02,3.303027604098512704e+00,7.065915267644527764e-02,1.041231196985602514e-01,3.263534693227519712e-02,9.457367621561085097e-03,5.807622504537204855e-02,-2.303372897537489195e+01,1.505469951374204252e+00,-1.869826090250012340e+00,1.602306750526160339e+00,6.925588957669905898e-01,-7.844024358469961489e-02,2.993364572276941971e-01,-5.555208384722546411e-01,1.743051990312746158e-01,-5.834278932688534702e-01,7.522898052558636695e-02,1.130150962552395472e-01,-2.454785451037549415e-01,4.975562834534871977e-03,7.233567338479209019e-02,2.381849192078258799e-03,1.262093286448161353e-03,6.522004043211938884e-03,5.888915519402150188e-04,3.138772070657712063e-03,4.974780235959209897e-04,3.256725547600734317e-04,9.842167110300007599e-03,6.587157817646741020e-02,6.697485032731480487e-04,2.481667198134744970e-02,1.134301270417422541e-02,2.381935695802549213e-02,1.866804888878750290e-01,-1.091578673669207911e-02,-4.330111111444559513e-02,1.341185519593018211e-02,-1.381957373976083064e-02,7.259528130671502599e-03,1.302461183288379232e+00,-8.376254213719416253e-01,-3.093178434651402409e-01,-1.207626094751084178e-01,-3.787634570774336407e-01,1.021122246322444527e-01,-1.013255265167644081e-01,-3.295869083483186635e-01,6.915250876748505471e-01,-2.023778004026193233e-01,9.316262874153251328e-02,6.981937871291282738e-02,-2.796862804564234639e-01,-1.470011833243800581e-02,1.365210664109022670e-02,-2.499792393326480573e-03,3.315236617579134584e-05,-1.931608356274823815e-02,2.715812063962665742e-04,-1.261547296037657077e-04,-2.301439614228139446e-03,-1.904239537911300633e-05,-6.724564219907892826e-03,-1.960172270865537247e-02,4.135391746971042617e-04,-1.186463047858830194e-03
3.720508166969146990e-02,6.904550323287889091e-02,3.308006938850025058e+00,7.500355548548170992e-02,1.047358746241435906e-01,3.001419523173047554e-02,1.265509275317506892e-02,7.259528130671506763e-02,-2.313361086157567925e+01,7.716132806497572050e-01,-1.806337222178243884e+00,1.712122121581615364e+00,2.870250239274751980e-01,1.891535768623802544e-02,-7.910539633732402431e-02,-1.480859768487598482e-01,3.467495524794722561e-01,-6.512142978003501170e-01,4.000594990065237111e-01,-2.783540967140941957e-02,-3.303435514535686401e-01,9.123747395094415277e-03,5.489858638490069213e-03,1.279067354199753780e-03,3.380814695302042285e-03,7.444949684087385881e-03,2.956946149472795588e-04,1.020605717096854763e-02,2.578558556682458702e-04,2.281471088772333699e-04,6.069192797890369390e-03,5.121039411944447450e-02,3.784307983598609888e-04,1.350267201344156585e-02,4.537205081669694329e-03,8.996878486658380081e-03,4.979334751512354273e-03,4.344402809036432278e-03,6.127549255833392161e-04,-2.621151700544721574e-03,3.197725131613983821e-03,1.451905626134301908e-02,-9.988188620078730651e-02,-7.338566707244470466e-01,6.348886807176845615e-02,1.098153710554550244e-01,-4.055338718395153919e-01,9.735560127093764726e-02,-3.784418535650182491e-01,4.074348616234947928e-01,1.724443534481976403e-01,-6.778640453149664680e-02,3.248305184809373580e-01,-1.408505059266489667e-01,-8.486500634981369862e-02,4.148184560559543300e-03,-6.684581474630202358e-02,-1.102781837878505020e-03,2.118721408853880932e-03,9.229456408754469973e-04,-2.931969369929354600e-04,7.067285100310835566e-03,-2.396221679276751195e-04,-9.752544588284006179e-05,-3.772974312409638209e-03,-1.466118405702293570e-02,-2.913177049132870599e-04,-1.131399996790588384e-02
4.038112522686025663e-02,7.043734660851733165e-02,3.302507413891658139e+00,9.989533492455131281e-02,1.634656248780645693e-01,4.496961190707029349e-02,1.474693793196633039e-02,5.535390199637023334e-02,-2.235315682087144040e+01,1.420136618771130621e+00,-1.129917097275449533e+00,1.512669936014091610e+00,1.601306898230359932e-01,-1.259654587334006759e-01,-5.308803545140359237e-01,1.572558238296344890e-01,5.791085658819938864e-02,-6.482632324435331217e-01,5.820021431812462120e-01,8.459922176844028585e-02,-3.238859229770416626e-01,4.778794802256906143e-02,1.515897925345444791e-03,2.940881399974413189e-03,5.336954228345650725e-02,2.784537370946097747e-03,1.220585156272580539e-03,1.341405139220025206e-03,2.229546623875018163e-04,1.477187989297230322e-03,8.759109746709042854e-03,3.836610717588440772e-02,5.120810327699351541e-04,1.950185042747749550e-02,3.176043557168786724e-03,1.391843375638440738e-03,-5.499524958366919236e-03,2.489177943906960289e-02,5.872975025392097870e-02,1.495541667533981794e-02,2.091845178791261473e-03,-1.724137931034483429e-02,7.804540407042388495e-01,6.485233381213734161e-01,6.764201249027943508e-01,-1.994521855675237543e-01,-1.268943341044392048e-01,-1.448808164196387083e-01,-4.517749581767118716e-01,3.053418006783943373e-01,-2.888386958912728675e-01,2.951065356816995333e-03,1.819426441747225009e-01,1.124346314398497054e-01,6.457628476526977579e-03,3.866420062747464442e-02,-3.973960713144624422e-03,1.661814045774659410e-03,4.998872758815446626e-02,-4.660412313141288135e-03,9.248905413253010344e-04,-8.864652031748522856e-03,-3.490119328074405393e-05,1.249040880419996979e-03,2.689916948818673464e-03,-1.284428694356006678e-02,1.336502344100741653e-04,5.999178414035929649e-03
4.491833030852994402e-02,9.703634707323038899e-02,3.283430210053350340e+00,8.957699156021163567e-02,1.380878858978720758e-01,4.647078529647845346e-02,9.934786158371025633e-03,5.716878402903811246e-02,-2.224776619797787447e+01,4.106044363390977670e-01,-1.780710659694341391e+00,1.323270062651898282e+00,2.441512267723276730e-01,-8.975605595476371379e-02,-2.684687874688128639e-01,4.827515465137370843e-01,5.734088757658089008e-01,-2.815687686108657162e-01,4.181460047382147271e-01,-4.884979718710003027e-01,-3.077937598419613341e-01,1.140517615170546020e-02,1.319512394570297503e-04,5.289653386537632911e-04,1.401718118537876277e-02,5.261449970270161598e-03,5.294903109761408622e-04,7.971997686538768307e-03,1.384675121113165700e-04,5.326260651836495132e-04,7.184823461058791744e-03,3.252657550426451410e-02,7.236340057256882789e-04,9.049365280758690788e-03,4.537205081669687390e-03,2.659900046471305735e-02,-1.907720383830779909e-02,-1.031834336433967714e-02,-2.537773898019249352e-02,1.501173389408159975e-03,-4.812151773595304757e-03,1.814882032667879119e-03,1.053906228935659328e-01,-1.009532182432032910e+00,-6.507935624188918577e-01,-1.893998733621933273e-01,8.402053694929167982e-02,3.620940277863696211e-02,2.624115670452230598e-01,3.254957226841025952e-01,5.154980191776095122e-01,3.666944638326674055e-01,-1.638561384430314849e-01,-5.730971936394405608e-01,1.609216313508032847e-02,-3.638277187086359776e-02,-1.383946685888415122e-03,-2.411916061320650007e-03,-3.935236109807774274e-02,2.476912599324063852e-03,-6.910948452964396768e-04,6.630592547318743535e-03,-8.448715027618524634e-05,-9.445619241135808086e-04,-1.574286285650251110e-03,-5.839531671619893616e-03,2.115529729557531248e-04,-1.045248514671880471e-02
4.310344827586207184e-02,1.035170770552050340e-01,3.309163451211281526e+00,1.047009280999348230e-01,1.616230237413271709e-01,7.773983085443483820e-02,6.190128934941834492e-03,7.259528130671506763e-02,-2.189005397918034745e+01,5.131082999685777635e-01,-1.456867154935891140e+00,1.123847256231385927e+00,5.603393920472954370e-01,3.746746739887741873e-01,-3.541604439368862822e-01,2.481897703903320762e-01,1.823546642165835563e-01,-9.926472913486847349e-02,8.204462206043587891e-01,-1.216971609987173020e-01,-1.160690440787633115e-02,4.461472911663324353e-02,1.000011635771547690e-03,1.187852222340372117e-03,4.632170059002194314e-03,3.948490213652823544e-03,5.102197848384997609e-04,1.162968231085278635e-03,3.761188378442564774e-04,8.547050812389684433e-04,8.470241721218527489e-03,3.062526146587344136e-02,5.280775199442611003e-04,1.367317976574277533e-02,-1.814882032667872180e-03,6.480729981974645004e-03,2.573324115793118594e-02,1.512393653972318730e-02,2.353513784345509507e-02,3.126904555795638474e-02,-3.744657223429191141e-03,1.542649727767695517e-02,3.577122187975270151e-01,1.025038636294799965e-01,3.238435047584502513e-01,-1.994228064205123552e-01,3.161881652749677363e-01,4.644307299435379011e-01,-8.569165646807341830e-02,-2.345617761234050080e-01,-3.910542115492253723e-01,1.823040394759972427e-01,4.023002158661440619e-01,3.668008108722830007e-01,2.961868554340850168e-01,3.320955296492777986e-02,8.680603963145179123e-04,6.588868836866088258e-04,-9.385011126376567592e-03,-1.312959756617338054e-03,-1.927052613764110127e-05,-6.809029455453489456e-03,2.376513257329399074e-04,3.220790160553189301e-04,1.285418260159735745e-03,-1.901314038391072742e-03,-1.955564857814271786e-04,4.623814484984084539e-03
3.947368421052631360e-02,1.096342327271746381e-01,3.297152159406973926e+00,1.093945548786777605e-01,1.636035800067911217e-01,1.126368760776546019e-01,1.279646259224085508e-02,7.259528130671506763e-02,-2.150875830695642676e+01,3.132062455357769171e-01,-1.484436969392269434e+00,8.596358499424042732e-01,5.724140637056658321e-01,4.597626836621602209e-01,-4.567674872435548705e-01,3.075629780913680111e-01,-3.576822552156111445e-02,-3.328477607062951260e-01,4.601823550976484878e-01,-1.427839983283342717e-01,-1.385957905322507400e-02,8.295097146888568557e-03,8.013385224148709962e-02,2.688576577752139346e-03,5.289988455123065779e-04,8.530040236089001665e-03,1.318739013814590076e-03,5.028804398438820565e-03,4.860715221523536646e-04,7.484436724772137832e-04,1.734561118698409177e-02,2.924944779674538628e-02,1.083283823274807474e-03,2.187564007473607325e-02,-3.629764065335758239e-03,6.117155671969604080e-03,-1.201129180430760002e-02,4.693626778742937544e-03,1.980556265463950805e-03,3.489704522321976365e-02,6.606333657299020591e-03,0.000000000000000000e+00,3.812956722239206897e-01,-1.999020544328008464e-01,-2.756981445637829431e-02,-2.642114062889816539e-01,1.207467165837039502e-02,8.508800967338603360e-02,-1.026070433066685883e-01,5.937320770103593492e-02,-2.181228897381446707e-01,-2.335830315714266525e-01,-3.602638655067103013e-01,-2.108683732961696977e-02,-2.252674645348742843e-03,-3.631963196974467845e-02,7.913384060571555800e-02,1.500724355411767229e-03,-4.103171213489888169e-03,4.581550022436178121e-03,8.085192289760903149e-04,3.865836167353541714e-03,1.099526843080971873e-04,-1.062614087617546601e-04,8.875369465765564278e-03,-1.375813669128055083e-03,5.552063033305463732e-04,8.202460308993297922e-03
4.038112522686025663e-02,9.243820301572501508e-02,3.285399708821916676e+00,1.246345156863885445e-01,1.863323498325018535e-01,1.437395145659107476e-01,1.338329234657363066e-02,5.716878402903811246e-02,-2.143086497991558659e+01,9.396374615176561473e-01,-1.156129728556432701e+00,9.755716976627635262e-01,4.054993814127254570e-01,3.219649219645989158e-01,-8.030154217959309948e-01,3.548909666911135297e-01,-2.725660841791879285e-01,-3.377934601256652458e-01,1.669216624296547824e-01,-4.762166715820379537e-01,-1.756970479710259769e-01,3.972774989614285407e-02,1.694073322419359590e-03,1.405183566516778754e-02,3.651524210424490508e-03,1.517815802070384334e-03,1.664113571847473591e-02,1.465658617897386577e-03,5.828082487260717289e-04,3.690668810335253030e-04,3.072020193671499370e-03,7.669913916078392735e-02,5.172915622425981567e-03,2.185890897094103918e-02,9.074410163339430291e-04,-1.719602971144962300e-02,-1.175245058505725027e-02,1.523996080771078399e-02,2.272876982571073179e-02,3.110263848825614574e-02,5.868297543327755800e-04,-1.542649727767695517e-02,7.789332704084017678e-02,6.264312159818792303e-01,3.283072408358367333e-01,1.159358477203592530e-01,-1.669146822929403751e-01,-1.377977616975613051e-01,-3.462479345523761243e-01,4.732798859974551853e-02,-2.367978586576268141e-01,-4.945699419370119809e-03,-2.932606926679937054e-01,-3.334326732537036819e-01,-1.618374689178009029e-01,3.143265274925428898e-02,-7.843977891906774025e-02,1.136325908741564819e-02,3.122525364912183930e-03,-7.012224434018617114e-03,1.532239670466014649e-02,-3.563145780541433771e-03,9.673672657371806425e-05,-3.793767914436884802e-04,-1.427359099331259283e-02,4.744969136403853760e-02,4.089631799151173877e-03,-1.673110379503406353e-05
3.085299455535390339e-02,4.772114408147250936e-02,3.187736946013480566e+00,1.172968847915840801e-01,1.799204941727663154e-01,2.088014469723789290e-01,8.387864577800684118e-03,4.809437386569873074e-02,-2.204966222392767250e+01,1.678680327265402505e+00,-1.045425716865228782e+00,3.017897530607804857e-01,6.302336010284432799e-01,3.692700146196139510e-01,-4.101861359473304436e-01,2.608700422564373955e-01,-1.883107982595667862e-01,-2.081562424697731561e-01,-1.724095642069262135e-01,-9.885113178497859643e-01,-4.277015831266294810e-01,9.856448423411003079e-02,3.706453547183540843e-03,3.593210567300450520e-02,2.120233567207892647e-02,2.550122012613609962e-03,1.434192136554392292e-03,1.783236143462953172e-02,1.091883045956736076e-02,4.101067563964498272e-03,1.998620226355641693e-03,1.580768634828041627e-02,3.391263354744536440e-02,2.616003707345403509e-02,-9.528130671506353233e-03,-4.471705893425250572e-02,-9.766276280843610991e-02,-7.337630894804464399e-03,-6.411855659735538060e-03,6.506193240646818143e-02,-4.995427768772946545e-03,-9.074410163339381719e-03,-6.187972440120859119e-01,7.390428657477463581e-01,1.107040116912039185e-01,-6.737819446019830405e-01,2.247342196157178229e-01,4.730509265501503524e-02,3.928292858486005512e-01,-9.402092443467613414e-02,8.425528591962114233e-02,1.296372176558920897e-01,-3.393312266365809959e-01,-5.122946462677480106e-01,-2.520045351556035040e-01,5.883673433796717672e-02,2.012380224764181470e-03,2.188027000783671766e-02,1.755081146165443640e-02,1.032306210543225628e-03,-1.520694358192034405e-02,1.636670281673214405e-02,1.033602221084128914e-02,3.732000682930973132e-03,-1.073399967315857677e-03,-6.089145281250350761e-02,2.873971792501938197e-02,4.301128102512995904e-03
4.038112522686025663e-02,2.067084327660774143e-02,2.785486952775506175e+00,1.105753661588814440e-01,1.431144801137999301e-01,5.417659835520145517e-01,5.062629651210763179e-03,9.981851179673320584e-02,-2.255495169311207704e+01,1.330813802694859049e+00,-9.703750936301243080e-01,-3.428923374327404461e-01,3.902549255870005895e-01,4.865251167949863342e-01,-5.823602086249582976e-01,2.154417785086694126e-01,-4.527668559897228551e-02,-2.374644345263973444e-01,6.480498289118970245e-02,-7.242748802892333693e-01,-2.822691660093088473e-01,3.940132713596949249e-02,2.006745035711561195e-02,1.252964479909421912e-02,7.447421195214330887e-03,5.068531873038397903e-03,5.836348589867987671e-03,1.191810968792090392e-02,1.632354011161531865e-02,1.175912836020093569e-02,5.310540061519454340e-03,1.569392683553304593e-02,1.467583635527592960e-03,9.594071066742440590e-03,9.528130671506353233e-03,-2.705030080486476793e-02,-4.022499932379743903e-01,-6.721518632702636054e-03,-3.680601405896638534e-02,3.329645365796356504e-01,-3.325234926589920939e-03,5.172413793103447510e-02,-5.052894691844045383e-01,-3.478665245705434561e-01,7.505062323510447442e-02,-6.446820904935208763e-01,-2.399786754414426904e-01,1.172551021753723832e-01,-1.721740726776278541e-01,-4.542826374776798293e-02,1.430341126605945146e-01,-2.930819205662418825e-02,2.372145470981159021e-01,2.642364375605525950e-01,1.454324171173206337e-01,-5.916315709814053830e-02,1.636099680993207198e-02,-2.340246087391028434e-02,-1.375491447686459645e-02,2.518409860424787941e-03,4.402156453313595813e-03,-5.914251746708627799e-03,5.404709652047957891e-03,7.658060796236437415e-03,3.311919835163812647e-03,-1.137595127473703394e-04,-3.244504991191777404e-02,-1.656596600671159450e-02
2.813067150635208818e-02,6.422759627026891453e-04,2.820118184696255081e+00,1.103021319902254549e-01,1.812932127791584969e-01,1.386449985940342022e-01,6.270076932751935013e-03,4.446460980036297944e-02,-2.786738430568576419e+01,2.623961352956761139e+00,-6.326180419375374564e-01,3.117831601999002666e-01,6.090697523696784188e-01,-6.527680895153105400e-02,-4.301443041256590161e-01,1.534629923748824787e-01,-3.317617808000191126e-01,-2.866698640991863778e-01,-1.116685487103461216e-01,-4.132080913955067936e-01,-4.449782987574719267e-02,2.866642054480172952e-02,4.630157931059092000e-03,2.967606461780467400e-02,1.191763091909154096e-02,2.606207358116044426e-02,2.182707376511740238e-02,8.245489677504443116e-02,2.636978131389701961e-03,2.261792062556105144e-03,4.094335469917121870e-03,5.124596401820288860e-02,4.605364252980003077e-03,2.312648262992290926e-02,-1.225045372050816844e-02,-2.002856731390505185e-02,3.463123192074890611e-02,-2.732341686559891514e-04,3.817873266535856680e-02,-4.031209849579803217e-01,1.207447281541171834e-03,-5.535390199637022640e-02,-5.312432612573687152e+00,1.293147550261902090e+00,3.377570516925868516e-01,6.546754976326407682e-01,2.188148267826778293e-01,-5.518019257465174299e-01,1.522159044992992816e-01,-6.197878613378693391e-02,-2.864850952010468133e-01,-4.920542957278903340e-02,-1.764735316015358380e-01,3.110667888937265757e-01,2.377713361335616615e-01,-1.073490659116776297e-02,-1.543729242605651995e-02,1.714641981871045662e-02,4.470209723877210072e-03,2.099354170812204462e-02,1.599072517524941645e-02,7.053678708712352030e-02,-1.368656198022561582e-02,-9.497336297644830977e-03,-1.216204591602332470e-03,3.555203718266984614e-02,3.137780617452410117e-03,1.353241156318046867e-02
2.114337568058076156e-01,6.546656790541121804e-03,2.424545790274865720e+00,2.749282696781056856e-01,1.094875227144296165e-01,1.099117791733085658e+00,1.355674757415158659e-02,3.502722323049001774e-01,-2.865879385284700831e+01,1.244252478499178860e+00,2.899912835669935518e-01,5.659924059028339505e-01,7.424277016714617705e-01,-1.090000499167794734e-01,-2.388429891671269290e-01,2.865854748993883483e-01,4.220308854392300635e-01,1.746741263222792995e-01,1.487210407465840989e-01,-1.101385792231349137e-01,1.016636722254890372e-02,8.431601684633622086e-04,1.474665400857723700e-04,3.282761768395685547e-03,6.569254872105718436e-04,1.670061922081382197e-03,1.524090970396546293e-04,1.224493841192238587e-03,7.112955735874783216e-04,3.679932957173018705e-03,7.593652546031652833e-04,1.197134728542840511e-03,1.598522490075106805e-03,1.069869578348293286e-03,1.833030852994555204e-01,5.904380827838432225e-03,-3.955723944213893617e-01,1.646261376878802307e-01,-7.180569006472888038e-02,9.604727931390514284e-01,7.286670641399651573e-03,3.058076225045371910e-01,-7.914095471612441202e-01,-1.379708874457582279e+00,9.226093255045310082e-01,2.542092457029336838e-01,1.333579493017833517e-01,-4.372324096524841941e-02,1.913013149585320871e-01,1.331224825245058696e-01,7.537926662392491206e-01,4.613439904214656773e-01,2.603895894569302483e-01,3.030695121723718799e-01,5.466419709829609813e-02,-2.782326037633836568e-02,-4.482691390973319277e-03,-2.639330284940898802e-02,-1.126070543188096955e-02,-2.439201165907906033e-02,-2.167466466807774911e-02,-8.123040293385219712e-02,-1.925682557802223640e-03,1.418140894616913561e-03,-3.334970215313956370e-03,-5.004882928966004896e-02,-3.006841762904896055e-03,-2.205661305157461533e-02
2.695099818511796919e-01,9.487747813281826800e-03,3.142904552939402851e+00,2.687903607477308277e-01,1.049463597398669484e-01,9.997103742937016868e-01,2.134588590235849976e-03,3.139745916515426227e-01,-2.844007111603871962e+01,9.458168170678129538e-01,5.894093625931343672e-01,4.406791406079871853e-01,8.551348366637712139e-01,-4.755996769181045081e-02,3.570125122160708320e-01,6.446965856964220754e-04,1.133629697583878049e-02,-2.850011049013483344e-01,3.517032402207863062e-01,4.687963868306899151e-02,1.333967845944680763e-01,3.965632165321045883e-04,1.501276061832844302e-04,2.046931068213680028e-03,7.489668370768699486e-04,1.237716089610215765e-03,3.579864412735478917e-04,4.197527503317577229e-03,1.525423947104144766e-04,1.490135007364495586e-03,2.111797153742967035e-03,3.416606077589177254e-03,4.705297987645348421e-04,1.269882582491592892e-03,5.807622504537207631e-02,2.941091022740704997e-03,7.183587626645371316e-01,-6.137908930374857963e-03,-4.541162974562668042e-03,-9.940741743938397157e-02,-1.142215898391573704e-02,-3.629764065335755463e-02,2.187227368082886869e-01,-2.984356614313659062e-01,2.994180790261408154e-01,-1.253132652948467651e-01,1.127071349923094434e-01,6.144008222496902261e-02,5.958555013831977609e-01,-2.859407783136919123e-01,-4.106945884633912969e-01,-4.596752312236276339e-01,2.029821994742022073e-01,1.570182179062039052e-01,1.232304173719191709e-01,-4.465969519312576203e-04,2.661066097512060184e-06,-1.235830700182005519e-03,9.204134986629810503e-05,-4.323458324711664316e-04,2.055773442338932624e-04,2.973033662125338858e-03,-5.587531788770638179e-04,-2.189797949808522902e-03,1.352431899139801752e-03,2.219471349046336743e-03,-1.127992691310571909e-03,2.000130041432996060e-04
1.597096188747731405e-01,1.397688319941360960e-03,2.837805450413845243e+00,2.087077366735896888e-01,1.225767411429364989e-01,1.409528575005861484e+00,3.118655461937769411e-03,2.776769509981851236e-01,-2.841674617547863946e+01,1.399930616540707717e+00,5.281722012479177497e-01,2.327107696672625070e-01,7.982618315391061259e-01,3.567039586730683665e-01,1.204649028011552797e-01,1.072266013215357194e-01,2.728163334460709799e-01,-9.612723372757470131e-02,2.979435063245621795e-01,-1.112383099746207665e-01,1.000582854395482280e-01,9.805847968973489467e-04,6.602491437076299027e-04,9.141546593467017243e-03,1.011107202336296394e-03,3.482241003956063063e-02,7.604642853027581730e-04,1.317065017253007085e-02,4.390218966150864267e-04,1.264647677524240524e-03,4.426269302222326195e-03,1.660255806330089914e-02,1.563796511951925407e-03,9.883660947130218713e-03,-1.098003629764065514e-01,-8.090059493340465840e-03,-3.050991025255576083e-01,-6.008262407414113881e-02,1.763038140306955048e-02,4.098182007121597970e-01,9.840668717019194350e-04,-3.629764065335749912e-02,2.332494056008016514e-02,4.541137994728947636e-01,-6.123716134521661747e-02,-2.079683709407246783e-01,-5.687300512466508806e-02,4.042639263648788450e-01,-2.365476094149155384e-01,1.065819047358392974e-01,2.614800364702322133e-01,1.888738711737736331e-01,-5.375973389622412668e-02,-1.581179486576897442e-01,-3.333849915491984839e-02,5.840215803652443584e-04,5.101215375243454454e-04,7.094615525253337648e-03,2.621403652594264449e-04,3.358469394995041574e-02,4.024778440292102813e-04,8.973122669212494490e-03,2.864795019046719772e-04,-2.254873298402550619e-04,2.314472148479359160e-03,1.318595198571172189e-02,1.093266713187390510e-03,8.613778364638625604e-03
6.941923774954628090e-02,2.127223105282445657e-03,2.786172855909542445e+00,1.225477541860432174e-01,1.648662724355271780e-01,3.246709906796298450e-01,9.919087531694729953e-03,4.083484573502722120e-02,-2.657193601974363517e+01,2.879964926810776760e+00,-7.422101814170710687e-01,-7.340532623366876619e-01,6.804638360335223402e-01,1.987827950043770386e-02,-7.327531499274888560e-01,-3.821069634554766226e-02,3.410245304572461222e-01,-3.231552173030816655e-01,3.016778551365381644e-03,-5.923211878278895198e-03,2.376883453436111626e-01,4.568058698232888709e-02,1.298835535370279626e-02,4.224904594675753938e-02,6.761830720917300606e-04,9.415866531025803357e-03,5.951625736980302624e-03,2.082234652165065869e-02,1.411326231471480078e-03,1.920787994101832985e-02,6.031900535286120746e-03,1.562206070164361658e-02,1.558538802942113430e-02,1.385371984982928725e-02,-9.029038112522685955e-02,7.295347853410846968e-04,-5.163259450430279784e-02,-8.615998248754647149e-02,4.228953129259067911e-02,-1.084857584326231583e+00,6.800432069756960976e-03,-2.368421052631579093e-01,1.844810155735004287e+00,1.480034310270069042e+00,-1.270382382664988707e+00,-9.667640320039501134e-01,-1.177979955055837857e-01,-3.368256791726306765e-01,-8.532180527286441496e-01,-1.454372976670833817e-01,6.820819701117514233e-02,-2.270279835755069642e-01,-2.949267277731967840e-01,1.053150980963418748e-01,1.376300599040629347e-01,4.470000218543154075e-02,1.232810620999516549e-02,3.310749935329052041e-02,-3.349241302445663329e-04,-2.540654350853482901e-02,5.191161451677544017e-03,7.651696349120587839e-03,9.723043348563937052e-04,1.794323226349409106e-02,1.605631233063794551e-03,-9.804973616572825595e-04,1.402159151746920976e-02,3.970058902699068540e-03
3.765880217785844142e-02,6.250522429104999472e-03,3.136768902422793381e+00,9.279480889973913682e-02,1.387768333242584973e-01,1.368657025923941395e-01,3.828963795613969136e-03,4.537205081669691553e-02,-2.536690195105031265e+01,3.077365790436394022e+00,-1.249127595939845126e+00,-4.809674645122043457e-01,8.467407353011930926e-01,-1.379529911608341763e-03,-6.547255747407463300e-01,3.201395542529433813e-01,2.682331417709066246e-01,-5.894123375926383357e-01,4.796041449985052885e-02,2.767955496312756170e-01,-1.207965195645514245e-01,2.349297333532492787e-02,2.285195530959360441e-02,3.190608743407087611e-02,4.506516392354847737e-03,6.434788048567475875e-03,6.029153033345813727e-03,3.766583210913153346e-02,2.317316712051800806e-04,3.483410180421110062e-03,4.565063897931145517e-03,1.256290729531381149e-02,7.775208817648219563e-03,1.185519123662253337e-02,-3.176043557168783948e-02,4.123299323822554249e-03,3.505960465132509363e-01,-2.975294528630408053e-02,-2.608943911126868076e-02,-1.878052880872357056e-01,-6.090123736080760818e-03,4.537205081669694329e-03,1.205034068693322524e+00,1.974008636256172622e-01,-5.069174145227740569e-01,2.530857978244833162e-01,1.662768992676707525e-01,-2.125780941204604563e-02,7.802757518674252601e-02,3.583502505984910158e-01,-7.279138868633949766e-02,-2.662571202895566702e-01,4.494363594848514720e-02,2.827187615095544948e-01,-3.584848649081625593e-01,-2.218761364700395922e-02,9.863599955890808152e-03,-1.034295851268666327e-02,3.830333320263117677e-03,-2.981078482458327482e-03,7.752729636551110304e-05,1.684348558748087477e-02,-1.179594560266299889e-03,-1.572446976059721849e-02,-1.466836637354975229e-03,-3.059153406329805092e-03,-7.810179211772914736e-03,-1.998528613206753887e-03
6.760435571687840872e-02,9.177265379959118194e-04,2.718367404966033796e+00,1.231776313496268926e-01,1.463902755608648132e-01,4.246247630814358742e-01,4.897504230626280666e-03,5.353901996370236116e-02,-2.691654549116750417e+01,2.187937750179378860e+00,-1.133044849441662283e+00,2.041453131926782294e-01,3.534990079744070313e-01,2.758186930430862882e-02,1.910825570140917695e-01,3.118420580640772211e-01,2.208379557377239052e-02,-3.504020377407317532e-01,1.096055123169882850e-01,7.421516566826516503e-02,-1.960353131555536976e-01,2.951545152062820185e-02,1.424583124314441999e-02,3.309435574717162210e-02,6.352503413821883674e-03,9.425684727855966616e-03,1.943882272311765053e-02,4.630052289796224296e-02,2.301377504949821389e-03,1.052397916306154271e-03,7.512873700322696309e-03,1.052290795558739368e-02,2.559783521626530101e-03,1.363253581560369167e-02,2.994555353901996730e-02,-5.332795891109087978e-03,-4.184014974567595857e-01,3.038282244988775582e-02,7.613442236606315916e-03,2.877590604890417625e-01,1.068540435012311531e-03,8.166969147005445628e-03,-1.549643540117191520e+00,-8.894280402570151622e-01,1.160827464981828427e-01,6.851127777048825473e-01,-4.932417273267860613e-01,2.896139921591697058e-02,8.458081317548380440e-01,-8.297496188866160249e-03,-2.461493461971342445e-01,2.390102998519065824e-01,6.164509781713775616e-02,-2.025803839630104519e-01,-7.523879359100227315e-02,6.022478185303273973e-03,-8.606124066449184415e-03,1.188268313100745988e-03,1.845987021467035936e-03,2.990896679288490741e-03,1.340966968977183593e-02,8.634690788830709507e-03,2.069645833744641200e-03,-2.431012264114955791e-03,2.947809802391550792e-03,-2.039999339726417810e-03,-5.215425296021689028e-03,1.777344578981158302e-03
6.125226860254083527e-02,1.336249676299620416e-02,3.023306113593214661e+00,8.855417064352699708e-02,1.015428238131533961e-01,2.296559249362634392e-01,6.010224066051425389e-03,6.896551724137930939e-02,-2.329001988900031250e+01,1.599112370350716406e+00,-7.851222224828595664e-01,6.624368136734497536e-01,-3.449292903454067583e-01,-6.244231935374829900e-01,2.214801990978788604e-01,-7.061333443778204932e-01,1.266003313110910522e-01,7.433101346789541819e-02,-1.450671511721348672e-01,3.778607388412927870e-01,1.529084766814855778e-01,1.277718306870534969e-02,4.838630760509663072e-03,7.038317568286678663e-03,1.646444365605234618e-03,7.651136921965057472e-03,1.799143239682256604e-02,3.661420419690507300e-02,1.145128553633031811e-03,3.094511756013410692e-02,1.064458041841870144e-02,1.166952604167677092e-02,5.697646667011672245e-03,1.064962898074509230e-02,-6.352087114337573448e-03,1.244477022500029180e-02,3.049387086271808656e-01,-3.462346070609989557e-02,-4.484745174771141707e-02,-1.949688381451724351e-01,1.112719835425144722e-03,1.542649727767694823e-02,3.626525602167191664e+00,-5.888253798286624541e-01,3.479226269588027165e-01,4.582915004807714965e-01,-6.984282983198137895e-01,-6.520050628417916050e-01,3.039764208378709087e-02,-1.017975402441897659e+00,1.045165357373186582e-01,4.247330512086271437e-01,-2.546726634891231522e-01,3.036455731730276497e-01,3.489437898370392754e-01,-1.673826845192285390e-02,-9.407200482634756056e-03,-2.605603817888494517e-02,-4.706059048216648839e-03,-1.774547805890909144e-03,-1.447390326295084489e-03,-9.686318701057169966e-03,-1.156248951316789578e-03,2.989271964382795438e-02,3.131706718096005128e-03,1.146618086089377236e-03,3.137863145385142143e-03,-2.982906834858599365e-03
2.132486388384755016e-02,1.506667882424378782e-02,3.312293658914169825e+00,8.037141599155850358e-02,1.087937512333296414e-01,1.053833782174102424e-01,1.728681004448859651e-02,4.446460980036297944e-02,-2.454512779733186534e+01,1.730358240790975666e+00,8.677250921142110052e-02,1.015618631064082011e+00,-9.977490280673326772e-01,-4.042985285564704157e-01,-1.166705634242505507e+00,-1.635989083814836653e-01,1.495251742691296182e-01,3.634531000844010151e-01,2.853229519054848451e-01,6.463755494871615825e-01,-2.057010006818686398e-01,2.738024403126550731e-03,8.409083001938770464e-04,8.400669761103677843e-03,2.119805167271558797e-03,2.724118627755839264e-03,7.398361329525773855e-03,1.374480043771551460e-02,2.545831902113975887e-04,2.154437397636084495e-02,1.924124216275957533e-02,7.362021965366861813e-03,2.764878206456556839e-03,6.883371776184862151e-03,-3.992740471869328511e-02,1.704182061247583660e-03,2.889875453209551637e-01,-8.182754651968493498e-03,7.250927420176245253e-03,-1.242725467188531968e-01,1.127658597843717025e-02,-2.450090744101632995e-02,-1.255107908331552835e+00,1.312458704402592602e-01,8.718947316942806669e-01,3.531818173906322578e-01,-6.528197377219259190e-01,2.201246649810125744e-01,-1.388185833340384256e+00,5.425344359963368834e-01,2.292484295803856598e-02,2.891220866165056247e-01,4.303901030776197123e-01,2.685148106458687955e-01,-3.586094773633542454e-01,-1.003915866557879982e-02,-3.997722460315785917e-03,1.362352192816999180e-03,4.733608016663241793e-04,-4.927018294209217775e-03,-1.059307106729679218e-02,-2.286940375918955839e-02,-8.905453634216342227e-04,-9.400743583773261969e-03,8.596661744340873892e-03,-4.307504076309909107e-03,-2.932768460555115406e-03,-3.766257204560230151e-03
1.769509981851179539e-02,2.131459706276130767e-02,3.218497786428164975e+00,8.875816617438428424e-02,1.540193475454004202e-01,5.092419100034786122e-02,1.215631338470680479e-02,1.542649727767695170e-02,-2.563250194348611188e+01,2.439253981187590625e+00,1.539940494003650406e-01,-9.173948523956584888e-02,-8.641499776360731522e-01,-2.196420981615092860e-01,-1.185449277676687174e+00,-3.203050320582551125e-02,-2.313089082015487297e-01,4.621020148208793143e-01,4.892566001273873089e-01,2.874148861344802963e-01,1.530854256049805073e-01,7.256889464699670111e-04,9.453698825158050574e-04,1.129982400233720159e-03,4.164682160563872699e-04,1.905757844420158040e-03,3.066637627826964557e-03,8.024177472443078107e-03,6.848998031370891312e-05,1.263767818893193375e-02,1.140009132753534715e-02,2.582829026626829241e-03,1.018233438827420020e-04,4.306334359780056645e-03,-3.629764065335754769e-03,6.247918238517519846e-03,-9.379587248600484983e-02,8.386750182825780664e-03,4.522559631207077879e-02,-5.445918721706238114e-02,-5.130496659781791716e-03,-2.903811252268602774e-02,-1.087374146154246546e+00,7.088957403966149595e-01,6.722154018894394012e-02,-1.107358116303647888e+00,1.335990504312595251e-01,1.846564303949611296e-01,-1.874364343418166712e-02,1.315684051756581541e-01,-3.808340824706783478e-01,9.864891473647829923e-02,2.039336482219024638e-01,-3.589606633526812862e-01,3.587864262868491472e-01,-2.012335456656583720e-03,1.044615823219280110e-04,-7.270687360869957684e-03,-1.703336951215171473e-03,-8.183607833356812238e-04,-4.331723701698809298e-03,-5.720622965272436494e-03,-1.860932098976886620e-04,-8.906695787428911201e-03,-7.841150835224228177e-03,-4.779192938740032572e-03,-2.663054862573814661e-03,-2.577037416404805506e-03
3.039927404718693188e-02,5.651303680018321049e-03,2.399578461337703583e+00,1.043469084762688459e-01,1.715706777992676846e-01,1.329327658703559900e-01,4.711327214577196165e-02,2.994555353901996383e-02,-2.492486533754475886e+01,2.451082656930043679e+00,-4.153569800188507966e-01,-2.392882696735142423e-01,-6.963958789612959555e-01,-3.516378694600062471e-01,7.872707831760482333e-02,-5.308198562294509371e-01,-4.286356635753095778e-01,1.737971831247329124e-01,-1.440061036169585917e-01,3.538570662448927706e-01,3.678580003788449737e-01,9.370354862071520949e-03,3.077582888234604505e-03,2.440925344541001671e-03,7.111669470715556961e-03,2.646838759435439850e-02,8.336651406371572981e-02,5.114379115478431131e-02,2.540936919751073629e-03,1.575772065424763460e-02,1.692382683443954469e-02,4.752090310474622187e-03,1.205319873874720858e-02,2.332153894930518931e-02,1.270417422867513649e-02,-1.566329338274298488e-02,-8.189193250904613919e-01,1.558874230188456167e-02,1.755133025386726442e-02,8.200857487000812185e-02,3.495695876106515859e-02,1.451905626134301214e-02,7.076366059413530252e-01,1.182867574245305420e-02,-5.693510294192158927e-01,-1.475487844339483934e-01,1.677540986747771967e-01,-1.319957712984969611e-01,1.264176355994292011e+00,-4.987893530236254258e-01,-1.973267553737608482e-01,-2.883048316961464019e-01,-6.332627037443459006e-01,6.644218011041247429e-02,2.147725747738644664e-01,8.644665915601553938e-03,2.132213005718799556e-03,1.310942944307281512e-03,6.695201254659170070e-03,2.456262974993424220e-02,8.029987643588876178e-02,4.311961368234123321e-02,2.472446939437364811e-03,3.120042465315700855e-03,5.523735506904197540e-03,2.169261283847792945e-03,1.195137539486446597e-02,1.901520458952513093e-02
2.087114337568058212e-02,1.708156025525107979e-02,3.103822947709141467e+00,1.090016513688968625e-01,1.950548408907330222e-01,6.460133174069175588e-02,5.354612504072085201e-03,3.357531760435571860e-02,-2.388169846405057228e+01,3.548937990660848918e+00,-7.559624354641154564e-01,-3.420456407508333796e-01,7.745800782918922656e-02,-1.940883027857762122e-01,-2.294539706091884290e-01,-3.515720987753543497e-02,-2.345061337388059663e-01,-3.442123965814199438e-01,-3.838782650266462371e-01,-3.090612907299233880e-01,-8.647854901097262736e-02,3.095871462679666841e-02,1.346313921933181730e-02,3.595247845400579428e-02,1.505053060892530895e-02,4.658290160445260897e-02,2.358335623809316647e-02,3.067025950290278719e-02,8.774176795882300019e-04,6.488928851554621666e-03,6.571319571098947591e-03,1.190688139092225921e-02,8.908553263117116247e-03,1.349534008629224568e-02,-9.528130671506349764e-03,1.143025657523275875e-02,7.042444863714378833e-01,4.654742892628016548e-03,2.348416309146533765e-02,-6.833143412966423413e-02,-4.175865964169987732e-02,3.629764065335754769e-03,1.043166873494186575e+00,1.097855333730805238e+00,-3.406054554452646599e-01,-1.027573710773191373e-01,7.738538867904851681e-01,1.575495666742300349e-01,-3.081810489267932662e-01,4.956626463519154813e-01,1.941295298365036115e-01,-5.180095797061528007e-01,-2.398721614096876453e-01,-6.629183569748161586e-01,-4.543365493898176011e-01,2.158835976472514573e-02,1.038555633109721280e-02,3.351155310946479088e-02,7.938861138209751117e-03,2.011451401009821047e-02,-5.978315782562255987e-02,-2.047353165188152413e-02,-1.663519240162843627e-03,-9.268791802693012935e-03,-1.035250726334059623e-02,7.154791080447637022e-03,-3.144645475630092335e-03,-9.826198863012943624e-03
1.497277676950998192e-02,2.154999345107068073e-02,3.010308201456353139e+00,1.293626440522564758e-01,2.222109835185037408e-01,5.472943018424104855e-02,1.633903269916116285e-02,1.633393829401088779e-02,-2.452965416874994631e+01,3.445766956819076299e+00,4.061087906457364616e-01,1.095549104489428466e-01,-2.127636027039855882e-01,-1.670591519670241443e-01,-1.382956439279880434e-01,1.072782506312165429e-01,-4.563382285660384785e-02,-5.038522248131750703e-02,-1.665851068770941024e-01,-1.584213962329235892e-01,-1.298737548982727419e-01,5.512109947314184494e-02,3.236850972529100971e-03,9.224490780037898977e-03,1.792337797760620507e-02,4.673597620364415041e-03,1.040012486856191527e-03,9.647142015070301170e-04,2.674421031818695208e-04,1.777192005292852622e-02,7.132597796100029197e-02,5.246016843318403872e-02,2.121303733330988980e-03,2.413917570516466854e-02,-5.898366606170600199e-03,4.468433195819600939e-03,-9.351474625278832775e-02,2.036099268335961332e-02,2.715614262777071852e-02,-9.871901556450707327e-03,1.098442019508907852e-02,-1.724137931034483082e-02,-6.479557046993740244e-01,-1.031710338417726192e-01,1.162071226109851807e+00,4.516005511997762123e-01,-2.902216105331748008e-01,2.702915081875206793e-02,9.115832668120038562e-02,1.424354605087519710e-01,1.888723108822021324e-01,2.938271741001024506e-01,2.172931581495521347e-01,1.506398944969997988e-01,-4.339520588730011452e-02,2.416238484634517653e-02,-1.022628824680271720e-02,-2.672798767396789704e-02,2.872847368680896130e-03,-4.190930398408819479e-02,-2.254334375123697581e-02,-2.970554530139575544e-02,-6.099755764063604811e-04,1.128299120137390456e-02,6.475465838990134004e-02,4.055328704226177777e-02,-6.787249529786126834e-03,1.064383561887242285e-02
2.268602540834845777e-02,1.065218189247468979e-03,3.070114232347611605e+00,9.765163786346071906e-02,1.377601834222917376e-01,1.435618883819742009e-01,9.679873220939815351e-03,1.905626134301270300e-02,-2.830755745793760880e+01,3.220503733506738797e+00,6.017007049760727533e-01,3.403886044727968407e-01,1.484118014096538762e-01,-8.240037708851988274e-02,-7.621847511966277355e-02,4.425748541835902716e-02,2.100613736030450263e-01,7.705627781173324253e-02,-2.419766918867524430e-01,-3.356261776808227015e-01,-1.571707084135405830e-01,5.040165271544372327e-02,6.607405893138339550e-03,5.992218281904103383e-02,1.527533259582613059e-02,2.745621400961637676e-02,1.851713089504990065e-03,3.090371987868495082e-02,1.486605552992311611e-04,6.379224495980989965e-03,7.782963930469997439e-03,6.872863227883777015e-02,3.532314293637565591e-03,2.322248930450001789e-02,7.713248638838475849e-03,-2.048477526182321262e-02,5.980603089125846594e-02,-3.171100618879575672e-02,-8.445080009621200312e-02,8.883245819773315233e-02,-6.659159478221347503e-03,2.722323049001815209e-03,-3.777903289187662494e+00,-2.252632233123375016e-01,1.955919143303362917e-01,2.308336940238540080e-01,3.611754041136394644e-01,8.465877487850426153e-02,6.207716880832526984e-02,-6.302076521285751576e-02,2.556951964596488880e-01,1.274415002930507357e-01,-7.539158500965834064e-02,-1.772047814478991123e-01,-2.729695351526784108e-02,-4.719446757698121664e-03,3.370554920609238579e-03,5.069769203900313659e-02,-2.648045381780074481e-03,2.278261638925196259e-02,8.117006026487985377e-04,2.993900567717791908e-02,-1.187815478826383597e-04,-1.139269555694753626e-02,-6.354301403053029540e-02,1.626846384565373144e-02,1.411010560306576612e-03,-9.166864006646506524e-04
4.038112522686025663e-02,3.408152611917318695e-03,1.934086569341445738e+00,1.444096179323294538e-01,2.216138912670158057e-01,1.277657679290151727e-01,5.055470908296788753e-03,1.451905626134301214e-02,-2.682960099319862479e+01,3.119807430557661299e+00,7.151080658175528182e-01,4.423882339635997196e-01,2.111949341345444320e-01,1.879337873484251964e-03,-3.796969442985671517e-01,-2.753574166471306484e-01,-2.858076556156911585e-01,-2.050968128984433370e-01,-1.271585861483218866e-02,1.052477470857523939e-01,-1.371197090610427327e-01,7.979182561795405970e-02,9.054676188515707873e-05,7.551636663693238327e-02,1.541704945629504206e-02,8.477628022537909980e-03,2.514315217231796740e-02,1.974480864747018422e-02,1.568605886489601549e-04,1.160369455134431169e-02,3.775524421218282023e-02,1.965495883825681828e-02,5.248795466419190273e-04,2.606211031712516932e-02,1.769509981851179886e-02,2.342934422669849717e-03,-1.136027663006165866e+00,4.675798006886873470e-02,8.385370784472406802e-02,-1.579612045295902822e-02,-4.624402312643026598e-03,-4.537205081669690859e-03,1.477956464738984010e+00,-1.006963029490774986e-01,1.134073608414800649e-01,1.019996294908028789e-01,6.278313272489055574e-02,8.427971496200413470e-02,-3.034784691789043642e-01,-3.196149020654897033e-01,-4.958690292187362125e-01,-2.821530907101765795e-01,2.292608332719202613e-01,4.408739247665751093e-01,2.005099935249785026e-02,2.939017290251033643e-02,-6.516859131253182648e-03,1.559418381789134944e-02,1.417168604689114653e-04,-1.897858598707846678e-02,2.329143908281297581e-02,-1.115891123121476661e-02,8.200033349728993830e-06,5.224470055363321722e-03,2.997228028171282366e-02,-4.907367344058095188e-02,-3.007434746995646564e-03,2.839621012625151431e-03
1.043557168784029106e-02,1.221574041421397312e-02,2.926568435446567751e+00,1.127167882754702422e-01,2.060702480141777537e-01,4.645736748517614867e-02,1.092637532198766949e-02,1.361161524500907431e-02,-2.600240598984099094e+01,3.512330795937802730e+00,9.109302588772645315e-01,5.742345864814819567e-01,3.243978651699049032e-02,-1.384819153376653511e-01,-2.301613528716150991e-01,1.442337974014914481e-01,2.976293155587333983e-01,1.344330555713695863e-01,-2.072013325228983516e-01,-1.089855530725466481e-01,-1.612090111309944507e-01,4.053096590498342366e-02,2.774625464062644396e-03,1.316655283788493482e-02,3.766948575982325201e-03,1.053883852087324734e-02,1.982876989038656970e-04,7.017711987147964847e-02,9.771493480242967103e-05,2.623459492916096689e-03,9.317835644602050216e-02,2.012656115472899465e-02,1.614130011346013617e-03,2.942440430955364089e-02,-2.994555353901996730e-02,8.807587802296654861e-03,9.924818661051220126e-01,-3.169282965685921161e-02,-1.554364325283805193e-02,-8.130840044383902399e-02,5.870904413690880737e-03,-9.074410163339378249e-04,8.271950033576338512e-01,3.925233653801414313e-01,1.958221930597117133e-01,1.318463525178822371e-01,-1.787551476175539555e-01,-1.403612532111496169e-01,1.495355914269520525e-01,4.195912140486220965e-01,5.834369711744245013e-01,3.395298684698129232e-01,-1.944854739080661699e-01,-2.142333001582990559e-01,-2.408930206995171797e-02,-3.926085971297063604e-02,2.684078702177487494e-03,-6.234981379904745019e-02,-1.165010088031271686e-02,2.061210498335337357e-03,-2.494486447341410021e-02,5.043231122400946426e-02,-5.914565384653048391e-05,-8.980235058428214998e-03,5.542311223383768193e-02,4.716023164721763750e-04,1.089250464704094590e-03,3.362293992428471573e-03
2.722323049001814863e-02,2.169457540063904257e-03,3.012251766992700919e+00,1.009619880355331761e-01,1.517370118511984223e-01,1.676752428060433731e-01,1.544861561564925614e-02,4.537205081669691553e-02,-2.624697127670940588e+01,2.655793795818103931e+00,-1.966479195694661453e-01,4.116115373624215645e-01,-2.346222685198732782e-01,-6.315696457511923989e-02,2.003524820077823843e-01,9.510115990756463911e-02,3.096055944349381805e-01,2.508036589318108911e-01,-6.266018181828059141e-01,-9.412332321058231033e-02,-1.236965699012676223e-01,6.509894856355992465e-02,1.175412990358729384e-02,2.544045889559872278e-02,6.058549456584259862e-03,4.108173632872418046e-02,3.134939539906018979e-03,3.540284368614882854e-02,6.228321947526104440e-04,2.910909787479991091e-03,2.786116229557756077e-02,8.148438046183582167e-03,6.607409787553685313e-03,1.901368202393781751e-02,1.678765880217785583e-02,-1.004628287415006843e-02,8.568333154613316793e-02,-1.175480023993706602e-02,-5.433323616297933145e-02,1.212178753208672244e-01,4.522240293661586655e-03,3.176043557168783948e-02,-2.445652868684149439e-01,-8.565370001196987992e-01,-1.107578178446730677e+00,-1.626230491190603922e-01,-2.670620550368637547e-01,7.532495076254611122e-02,4.305138348793974834e-01,-4.913263749392680901e-02,1.197627887620478226e-02,1.163706033604413048e-01,-4.194004856599075626e-01,1.486222986196433782e-02,3.751244122972682837e-02,2.456798265857650099e-02,8.979504439524648579e-03,1.227390605771378797e-02,2.291600880601934662e-03,3.054289780785093139e-02,2.936651841002153093e-03,-3.477427618533081993e-02,5.251172599501808137e-04,2.874502945638944020e-04,-6.531719415044294486e-02,-1.197812310854541248e-02,4.993279776207671695e-03,-1.041072228561582338e-02
2.631578947368420907e-02,2.255719730031481920e-02,3.176811991139001368e+00,8.939827060202466813e-02,1.279421695849514706e-01,1.766380929964393998e-01,1.040199812137344512e-02,2.903811252268602427e-02,-2.406021018654045918e+01,3.017077662733739007e+00,-2.655353900668214751e-01,6.685432742065975376e-01,4.484086478553086508e-01,-5.104332387899009893e-01,1.104983724542662610e-01,-1.902985576360377018e-01,3.902547451662005673e-03,5.886232906700108458e-01,-3.372587735013504034e-02,-3.541115959286160464e-02,-3.684753287482460116e-01,5.298552323526961073e-03,7.235120225495046513e-03,3.416768721700748791e-03,2.179060652364056463e-03,6.282504832645913542e-03,4.916055786971004760e-03,6.599003555910229468e-02,4.043431171791294840e-03,1.706228542433499765e-02,9.623202817316522939e-02,1.222434391888596421e-02,1.051674282625122145e-03,2.883865189105411925e-02,-9.074410163339395596e-04,2.038773976025091625e-02,1.645602241463004489e-01,-1.156371743350850800e-02,-2.379484226624695165e-02,8.962850190396026706e-03,-5.046617494275811022e-03,-1.633393829401089126e-02,2.186761090168946708e+00,3.612838669156350768e-01,-6.888747049735532979e-02,2.569317368441759730e-01,6.830309163751819845e-01,-4.472762742147817772e-01,-8.985410955351612328e-02,-2.853997175436023270e-01,-3.057030469832761610e-01,3.378196317381999547e-01,5.928759408326709224e-01,5.871216361772070569e-02,-2.447787588469783893e-01,-5.980039624003296445e-02,-4.519009678092247330e-03,-2.202369017389797443e-02,-3.879488804220203400e-03,-3.479923149607826866e-02,1.781116247064985780e-03,3.058719187295346614e-02,3.420598977038684287e-03,1.415137563685500699e-02,6.837086587758767209e-02,4.075905872702382041e-03,-5.555735504928563384e-03,9.824969867116301742e-03
8.620689655172413673e-03,4.140877166706045248e-02,3.303262329759402149e+00,8.205717610421504882e-02,1.476025201295790845e-01,3.409818621250832599e-02,3.203647734080816711e-02,1.542649727767695170e-02,-2.465982836479662765e+01,3.530327914323292404e+00,-6.440020652323699135e-01,1.219865030061426103e-01,1.269767990663576818e+00,4.206615401347200273e-02,-4.347483410789164671e-01,-1.149215833740770965e-01,-1.888993793446335778e-01,-1.575604844163064899e-01,2.261806155798043727e-01,6.538334590186667405e-02,-6.387539808442267431e-01,3.109503885519334862e-02,9.216749023828720239e-04,5.476336734989424408e-03,1.305825249044633264e-03,1.173017250632835389e-03,2.487654242462642579e-03,2.433130739685610000e-03,5.116984248660158422e-04,3.830350403574107453e-03,2.001391040817466355e-02,1.791618204621571175e-01,9.799715672013597188e-04,4.860158918565889857e-02,-1.769509981851179539e-02,1.885157436674563328e-02,1.264503386204007818e-01,-7.341094497809619313e-03,1.966035054462761389e-02,-1.425399067839310807e-01,2.163447921943472199e-02,-1.361161524500907258e-02,-5.996181782561684770e-01,5.132502515895533968e-01,-3.784666751655484385e-01,-5.465567712004548717e-01,8.213593428082681669e-01,5.524993928033730128e-01,-5.452467135331827697e-01,7.537697426196060535e-02,-1.928019267962955974e-01,-7.461837750863173913e-01,2.599064929299393922e-01,1.007945054947282787e-01,-2.702786520959807315e-01,2.579648653166638841e-02,-6.313445323112174164e-03,2.059568013288675618e-03,-8.732354033194231983e-04,-5.109487582013077719e-03,-2.428401544508362181e-03,-6.355690481941668468e-02,-3.531732746925279106e-03,-1.323193502076088976e-02,-7.621811776499057278e-02,1.669374765432711516e-01,-7.170271542376242639e-05,1.976293729460477933e-02
1.497277676950998192e-02,3.949276885248464292e-02,3.212573988940128800e+00,6.457683195436692003e-02,1.186494678637106670e-01,1.980015146768012227e-02,5.024358927024923094e-02,2.087114337568058212e-02,-2.509828014983624200e+01,3.172815544954627143e+00,-9.137384319889042539e-01,-3.151444322349891136e-01,5.363724664831038824e-01,-1.918845560123016991e-01,-4.662724701211310996e-01,1.133893319133710831e-01,-1.495277958284614850e-01,-5.034342176243151723e-01,-4.866738330490874564e-01,-8.843442643055339225e-01,-1.594411616750287308e+00,7.733400675031451565e-02,1.351413110714358608e-02,1.868622770098007091e-01,8.240425698105419833e-03,7.542263168765511337e-04,3.717195439453078055e-04,2.695870056492167665e-03,4.369546490852243593e-03,6.379934269013426418e-03,9.772843333027867677e-04,3.473906073238562913e-03,8.607423790047153680e-04,5.278540746127249189e-02,6.352087114337568244e-03,-1.916002814575809565e-03,-9.068834081927334978e-02,-1.748034414984812879e-02,-2.895305226586841751e-02,-1.429803474482820372e-02,1.820711192944106382e-02,5.444646098003630419e-03,-4.384517850396143501e-01,-3.575123693686652615e-01,-2.697363667565343404e-01,-4.371309352411317239e-01,-7.333955241804729352e-01,-2.339507100257736949e-01,-3.152412904221463252e-02,2.283109152874481795e-01,3.937158351617209284e-02,-3.458737332080086824e-01,-7.128544486288918014e-01,-9.497276102074005966e-01,-9.556576359060605652e-01,4.623896789512116356e-02,1.259245620476071373e-02,1.813859402748112803e-01,6.934600449060786785e-03,-4.187909337562842555e-04,-2.115934698517334990e-03,2.627393168065576649e-04,3.857848065986227860e-03,2.549583865439318964e-03,-1.903662607487187700e-02,-1.756879143889185646e-01,-1.192291881966443508e-04,4.183818275613593318e-03
2.450090744101633342e-02,2.666674505858160002e-02,3.164043605704997209e+00,7.718474993020361941e-02,1.377079362712026467e-01,3.988205210781150395e-02,4.061825887903535576e-02,3.448275862068965469e-02,-2.490872867752691278e+01,3.497006226084901748e+00,-3.498803655493691322e-01,-2.356651216760882739e-01,7.169392514626391488e-01,4.428384986011210112e-01,-6.780140610482006114e-01,-7.779337932819340162e-01,-3.855100026967137605e-01,-1.982096947272304621e-01,-5.121509821188106049e-01,-5.826784083316965956e-01,1.737665492937126577e-01,8.386451549157306062e-03,1.479161311341860546e-04,3.396314587974313959e-02,4.292147048159816736e-02,7.674339204005431458e-02,7.195224019583702779e-03,4.064182256136848227e-03,2.929086630857702465e-04,1.450774761102817867e-03,8.361834209043718380e-02,6.462667769921831215e-03,6.508328358070926498e-04,2.910979958611202567e-02,9.528130671506351498e-03,-1.282602379390304290e-02,-4.853038323513159114e-02,1.260791797583669938e-02,1.905846840749197968e-02,2.008190064013138168e-02,-9.625330391213875181e-03,1.361161524500907258e-02,1.895514723093292275e-01,3.241906811302746050e-01,5.638580664395351771e-01,7.947931055890083973e-02,1.805667849795352664e-01,6.347230546134227103e-01,-2.117415909270695118e-01,-8.913231251953050993e-01,-2.359822068682522755e-01,3.052245228970846824e-01,-2.547714906972314841e-02,3.016658559738373269e-01,1.768178166043999910e+00,-6.894755520115720959e-02,-1.336621497600939956e-02,-1.528991311300575695e-01,3.468104478349275099e-02,7.598916572317776508e-02,6.823504475638395191e-03,1.368312199644680562e-03,-4.076637827766473564e-03,-4.929159507910608334e-03,8.264105775713440072e-02,2.988761696683268302e-03,-2.099095431976227182e-04,-2.367560787516046622e-02
1.451905626134301214e-02,1.819181989030495966e-02,3.255168841575029948e+00,8.008752530075541332e-02,1.387612461668160935e-01,3.938815412261375409e-02,1.865510454457646600e-02,2.359346642468239733e-02,-2.558405487954599522e+01,3.626431544194176126e+00,-1.012928748867157613e-01,-1.866798711359561880e-01,3.705869848661066945e-01,1.938714415667051050e-01,-4.634249777591951114e-01,-5.859700516226035161e-01,-3.342394395194345780e-01,-2.841338789210406945e-01,-4.283376789022763087e-01,-1.165807236698634536e-01,3.613743328587512016e-01,3.331300119973135739e-03,5.789214768930272745e-04,3.739456336714252777e-03,1.434728922058412133e-02,2.282143363685470716e-01,2.967232332801920253e-02,1.092839483618225985e-02,3.673262257674516219e-04,8.334505458831701664e-04,5.536879764540271996e-03,3.992719852530529287e-03,6.742380935189040648e-04,6.174515001985531049e-02,-9.981851179673321278e-03,-8.474925168276640358e-03,9.112523587003273917e-02,2.902775370551793910e-03,1.053309895613446789e-03,-4.938979851977498559e-04,-2.196315433445888976e-02,-1.088929219600725737e-02,-6.753262020190824444e-01,1.294253181092743787e-01,2.485874906626533709e-01,4.898525054013208591e-02,-3.463522665965324543e-01,-2.489670570344159062e-01,2.145890832890055000e-01,1.919637416593305002e-01,5.127056317727918255e-02,-8.592418419381023242e-02,8.381330321653429616e-02,4.660976846618331559e-01,1.876077835650385439e-01,-5.055151429184169889e-03,4.310053457588411928e-04,-3.022368954302888724e-02,-2.857418126101404776e-02,1.514709443284927570e-01,2.247709930843549975e-02,6.864212580045411620e-03,7.441756268168137544e-05,-6.173242152196477001e-04,-7.808146232589691094e-02,-2.469947917391301928e-03,2.340525771181141499e-05,3.263535043374328481e-02
2.450090744101633342e-02,9.247495544414438551e-03,3.163122720823466238e+00,8.877112721787555616e-02,1.426037725947708612e-01,6.190100139353591630e-02,1.683977340494003522e-02,1.451905626134301214e-02,-2.642474499164391943e+01,3.112153480162786590e+00,-1.093441679217642681e-01,1.537986740062120827e-01,6.132085603958421505e-01,4.454814625372955500e-02,-8.583344236785828141e-01,-4.705584444221495577e-01,-1.949477266952369947e-01,-4.462072251158720193e-01,-1.782289945119652774e-01,3.352780927492317598e-01,4.744299889107560508e-01,2.318200541017047863e-03,1.002072100469513199e-04,6.551929453539652622e-03,4.599119371262477829e-03,7.346847424845326380e-02,1.849279545322551621e-01,1.223485386186444826e-02,4.490723075706372120e-04,1.324224266866296353e-03,1.938782447906951551e-03,1.906170351970606219e-02,1.108512543323809767e-02,5.154035761833462848e-02,9.981851179673321278e-03,-8.944324345890521111e-03,-9.204612075156370921e-02,8.683601917120142843e-03,3.842526427954767732e-03,2.251284727092216220e-02,-1.815331139636430779e-03,-9.074410163339385188e-03,-8.406901120979242137e-01,-5.142780640313895368e-01,-8.051293035048506797e-03,3.404785451421682430e-01,2.426215755297354559e-01,-1.493232953129755569e-01,-3.949094459193877027e-01,1.154116072004539584e-01,1.392917128241975833e-01,-1.620733461948313248e-01,2.501086843903110313e-01,4.518588164190951995e-01,1.130556560520048492e-01,-1.013099578956087876e-03,-4.787142668460759275e-04,2.812473116825399844e-03,-9.748169849321643501e-03,-1.547458621200938078e-01,1.552556312042359665e-01,1.306459025682188413e-03,8.174608180318559004e-05,4.907737209831261865e-04,-3.598097316633320445e-03,1.506898366717553291e-02,1.041088733971919436e-02,-1.020479240152068201e-02
3.130671506352086797e-02,2.213412959534852981e-02,3.097998077861102040e+00,8.337163844299401438e-02,1.308169644767226414e-01,8.491931352084858275e-02,2.396972737353693025e-02,4.355716878402903641e-02,-2.431596011561732240e+01,2.962690384419583545e+00,-1.548066126429692435e+00,-4.380315236260386436e-01,9.889990221179796315e-01,-2.293529864870046675e-01,-3.693472239178131611e-01,9.277051454971144140e-02,-2.705424954054190811e-01,-1.147002698952263700e+00,-3.751354181857001757e-01,4.558499574784106723e-01,6.606931266720639240e-01,8.802290666230595806e-03,3.014189985329009808e-03,1.249533563972726226e-02,1.313429794413705810e-02,4.313946354398597027e-02,5.428572341955339997e-02,1.836215825517689346e-02,3.146314999401800781e-04,9.793108843800465719e-04,7.285939096594438134e-03,4.039170436744179797e-03,4.077189650985445397e-03,1.643439021046593645e-02,6.805807622504534554e-03,1.288663405093409126e-02,-6.512464296236419870e-02,-5.399488774881541775e-03,-1.178680811804821982e-02,2.301831212731266646e-02,7.129953968596895036e-03,2.903811252268602427e-02,2.108784876026597033e+00,-1.494630957432030449e-01,-1.438721958507928278e+00,-5.918301976322507540e-01,3.757904617221374810e-01,-2.739011327407342433e-01,4.889871997607696530e-01,5.633289589718609713e-01,-7.559476871018208644e-02,-7.007954738363917357e-01,-1.969064236737348983e-01,1.205718647291789125e-01,1.862631377613078731e-01,6.484090125213547509e-03,2.913982775282058461e-03,5.943406186187609637e-03,8.535178572874580274e-03,-3.032901070446729352e-02,-1.306422311127017621e-01,6.127304393312445197e-03,-1.344408076304571338e-04,-3.449133824862497810e-04,5.347156648687486150e-03,-1.502253308296188153e-02,-7.007935782252652269e-03,-3.510596740786869202e-02
3.221415607985481100e-02,8.255914459030027144e-03,2.253855070165407870e+00,1.027823433892652155e-01,1.563421586419934395e-01,1.559870593269667982e-01,8.197835915597771750e-03,4.537205081669691553e-02,-2.413804265744996513e+01,2.523973135405376489e+00,-1.423652322126467196e+00,-2.184431626771346224e-01,-2.450302033889881909e-02,-5.823016068522990363e-01,-2.636376702742744826e-01,5.323478032812208049e-02,-9.696221754949505348e-03,-1.924222391599343662e-01,-5.425390152665161142e-02,4.048274874367920328e-01,1.117148940874908986e-02,6.167103007925543202e-03,7.841170082007450914e-03,3.635307224793851016e-02,1.993344224714577867e-02,2.873734508021058912e-02,1.232766178849045886e-02,1.185491668326958507e-02,4.217525135028879317e-03,2.021707143516582664e-02,5.951215307120222633e-03,1.220516720771269541e-02,1.086370397920491393e-02,9.419239084575077234e-03,9.074410163339430291e-04,-1.387821513631850266e-02,-8.441430076956941697e-01,1.941070494627120113e-02,2.552519416527079810e-02,7.106774580611821546e-02,-1.577189145793915850e-02,1.814882032667879119e-03,1.779174581673572675e-01,-4.387172490142070558e-01,1.244138043032252394e-01,2.195883609489040211e-01,-1.013502042456878360e+00,-3.529486203652943965e-01,1.057095536435386784e-01,-3.953573422158936090e-02,2.608462736504695845e-01,9.545804597923293056e-01,3.208815166590485712e-01,-5.102247004161863941e-02,-6.495216372633147994e-01,-2.635187658305052603e-03,4.826980096678441107e-03,2.385773660821124964e-02,6.799144303008720566e-03,-1.440211846377538116e-02,-4.195806163106294284e-02,-6.507241571907308383e-03,3.902893635088699239e-03,1.923776055078578115e-02,-1.334723789474215501e-03,8.165996770968516477e-03,6.786514328219468532e-03,-7.015151125890859221e-03
5.535390199637023334e-02,4.262364984876282131e-04,3.168343690312445116e+00,1.525190464737335161e-01,1.754565396755961570e-01,5.106131882363085239e-01,6.147787908236260548e-03,5.172413793103448204e-02,-2.839260278916822244e+01,2.196839549420619431e+00,2.657206107876159962e-01,2.505886679929664185e-01,1.670483355404851489e-01,-1.790436021079740425e-01,-1.036325911390042487e-01,5.563876521506352923e-02,-4.167981399942860543e-02,-4.959431698903034036e-01,2.405929757653054585e-02,4.495072504759381471e-01,2.109761248129385369e-01,7.141052632194516518e-03,1.823287378441719410e-03,4.476324830998216348e-02,1.421016366038190849e-02,4.694587478007791748e-02,8.393172242390233018e-02,2.937772350191066723e-02,1.136213545451002357e-03,4.002751016135570883e-03,4.392119976478411035e-03,2.498212938778243686e-02,4.477727316002320587e-03,2.432987719180764591e-02,2.313974591651542234e-02,-7.829677960542399257e-03,9.144886201470372455e-01,4.973670308446830057e-02,1.911438103360271756e-02,3.546261289093417535e-01,-2.050048007361511201e-03,6.352087114337566509e-03,-4.254560131718257310e+00,-3.271335859847570582e-01,1.689372932914083192e+00,4.690318306701010131e-01,1.915513558793839610e-01,4.032580047443249938e-01,1.600050791352702340e-01,2.403984886941448740e-03,-3.198359224447910182e-02,-3.035209307303690096e-01,7.831319910318215727e-02,4.467976303914611425e-02,1.998046354041894401e-01,9.739496242689733158e-04,-6.017882703565731288e-03,8.410176062043653311e-03,-5.723278586763870177e-03,1.820852969986732836e-02,7.160406063541187305e-02,1.752280681864108042e-02,-3.081311589577876743e-03,-1.621432041903025575e-02,-1.559095330641811598e-03,1.277696218006974145e-02,-6.385976663202593342e-03,1.491063810723256867e-02
8.983666061705988803e-02,4.608159425726557758e-04,3.071363825989624097e+00,1.590859810143569752e-01,1.548218740605205868e-01,7.526006223342139867e-01,2.885094372828720093e-03,1.642468239564428278e-01,-2.899189634123420234e+01,2.199158060505014500e+00,5.010656725393158872e-01,7.114379124491845285e-01,7.177253743388944951e-01,2.203154052790382011e-04,2.812660498918058763e-02,1.781906219625771504e-02,6.677757954752690239e-02,1.044321089652534562e-01,-3.740354979867870078e-02,1.070350949833195897e-03,-2.596878485948263954e-02,1.364401914405206050e-02,1.187132433252281738e-03,1.010434787005181217e-01,6.900244382489519913e-03,2.967611972827731426e-02,1.973042502582899801e-02,4.865455360896290410e-02,2.738727670197543883e-04,7.680061474459725377e-04,1.467374479652635080e-02,3.636128971396491300e-02,2.368149475655375712e-03,2.785521833573877115e-02,3.448275862068965469e-02,3.457944408502756266e-05,-9.697986432282101887e-02,6.566934540623459160e-03,-2.063466561507557029e-02,2.419874340979054628e-01,-3.262693535407540455e-03,1.125226860254083527e-01,-5.992935520659798954e-01,2.318511084395069588e-03,2.353450617516998911e-01,4.608492444562181101e-01,5.506770387984093462e-01,1.792639175132530738e-01,1.317591961281848467e-01,-3.781970301880581420e-02,1.084573935469555078e-01,6.003752788555568598e-01,-6.146284737520924663e-02,-4.484368995261049373e-01,-2.369449096724211834e-01,6.502966511857543978e-03,-6.361549451894376716e-04,5.628023039053595827e-02,-7.309919277892388580e-03,-1.726975505180060322e-02,-6.420129739807332869e-02,1.927683010705223687e-02,-8.623407784312479146e-04,-3.234744868689598454e-03,1.028162482004793890e-02,1.137916032618247614e-02,-2.109577840346944875e-03,3.525341143931125243e-03
1.447368421052631637e-01,6.377701026757525175e-04,2.297076318065785827e+00,1.751889380753600123e-01,1.704768125407478685e-01,9.532005160161111101e-01,4.212249118928044003e-03,2.295825771324863929e-01,-2.762532270803464485e+01,1.097450150190020901e+00,-7.298010679573736503e-01,1.037604276225412070e+00,8.190784460691384883e-01,-2.217798925888185557e-01,9.644625249366475805e-02,-1.700428507183419091e-01,-4.761710142888289088e-01,2.468055005483925091e-01,-3.512630482568959711e-01,-2.867892758117508989e-01,3.078997294586538480e-01,5.224743258277918592e-03,2.986280829724991849e-03,2.466359850599751311e-02,5.183239198142685494e-03,9.940644512094743562e-03,1.385781422491734645e-02,3.935496556209560487e-02,9.843949390239878014e-03,2.866153182356204546e-03,1.401659907541627850e-02,1.737343163716060027e-02,6.790468013079311096e-03,1.013516188956087478e-02,5.490018148820327570e-02,1.769541601030967417e-04,-7.742875079238382696e-01,1.610295706100303703e-02,1.565493848022728174e-02,2.005998936818971234e-01,1.327154746099323910e-03,6.533575317604356503e-02,1.366573633199557491e+00,-1.101707910314993599e+00,-1.230866740496689538e+00,3.261663637762275414e-01,1.013530717302439932e-01,-2.220002079940975870e-01,6.831964750448417389e-02,-1.878619129145996380e-01,-5.429485938363558528e-01,1.423733915831390529e-01,-3.138594984582172565e-01,-2.878596267615841087e-01,3.338685143181364667e-01,-8.419275885774141904e-03,1.799148396472710111e-03,-7.637988019452060517e-02,-1.717005184346834419e-03,-1.973547521618257070e-02,-5.872610800911651566e-03,-9.299588046867299229e-03,9.570076623220123355e-03,2.098147034910232116e-03,-6.571457211100723006e-04,-1.898785807680431273e-02,4.422318537423934950e-03,-1.772005644617789810e-02
5.172413793103448204e-02,2.312827569990634144e-02,3.254892174600465093e+00,1.154534779387182547e-01,1.328055319939294987e-01,3.153223516410597060e-01,6.484544682944374736e-03,6.533575317604355115e-02,-2.309272761964194487e+01,1.400727460650256662e+00,-5.321320515329646117e-01,1.035486382396172189e+00,1.875821164604216107e-01,-1.965672953450163518e-01,1.400818922478458406e-01,-4.301533447656126219e-01,-3.193672896791853733e-01,3.999181344563436658e-01,-6.207063192931967510e-01,-4.275539891407805770e-01,-6.640673276165613981e-01,9.644237571220996841e-02,3.500660157567178979e-03,6.382063163216265822e-02,9.382432066364014556e-03,6.003227070763137406e-03,1.362482890123374894e-03,1.464607862837981681e-02,5.381949169549679439e-03,3.524764980348773624e-03,2.496225613800228012e-03,8.344447171923969481e-03,3.506229526703763533e-03,2.869543717255704923e-02,-9.301270417422868864e-02,2.249050559723058881e-02,9.578158565346792663e-01,-5.973546013664175758e-02,-3.767128054681836979e-02,-6.378781643750514041e-01,2.272295564016330732e-03,-1.642468239564428556e-01,4.532595088392699978e+00,3.032773104602357606e-01,1.976690164244090386e-01,-2.117893829239880787e-03,-6.314963296087168221e-01,2.521259724380220391e-02,4.363563975418108254e-02,-2.601104940472707128e-01,1.568037246096435355e-01,1.531126339079511567e-01,-2.694432710363007799e-01,-1.407647133290296781e-01,-9.719670570752152461e-01,9.121763245393205155e-02,5.143793278421871298e-04,3.915703312616514165e-02,4.199192868221329061e-03,-3.937417441331606156e-03,-1.249533133479397221e-02,-2.470888693371578806e-02,-4.462000220690198575e-03,6.586117979925690778e-04,-1.152037346161605136e-02,-9.028984465236630785e-03,-3.284238486375547564e-03,1.856027528299617618e-02
1.542649727767695170e-02,3.447639645818011828e-02,3.295487361041801400e+00,9.077850899986665556e-02,1.353111463699802064e-01,1.051483192066671596e-01,8.329591619198006142e-03,4.174228675136116423e-02,-2.298892655452739220e+01,2.390838277051503091e+00,-8.466632630716626196e-01,4.662931597967021058e-01,9.070473100301376657e-02,-3.762910135910252363e-01,-5.964578614015320253e-03,-1.614086201662658926e-01,-3.665435658260114415e-01,-1.670272002589678340e-01,-6.568660735360103420e-01,-6.211753926870271503e-01,-4.633014267041895562e-01,1.773438499595081375e-02,1.104701769335819997e-02,1.398934557018305380e-01,3.137368407676479481e-02,9.953387606318267466e-03,3.844473639079066737e-03,9.272578993352030910e-03,6.808861212916881862e-04,3.278690453970867225e-02,1.634893588082997990e-03,4.635872061340544706e-03,7.041946095832658098e-04,3.708350390389832107e-02,-3.629764065335752687e-02,1.134812075827377684e-02,4.059518644133630616e-02,-2.467496893885159914e-02,2.505614376050707692e-03,-2.101740324343925326e-01,1.845046936253631406e-03,-2.359346642468238692e-02,1.038010651145526708e-01,9.901108164012464297e-01,-3.145312115386980079e-01,-5.691932225994700278e-01,-9.687738545740784413e-02,-1.797237182460088845e-01,-1.460464708618611496e-01,2.687447245993467293e-01,-4.717627614682606829e-02,-5.669453347153114997e-01,-3.615975424281359096e-02,-1.936214035462465732e-01,2.007659009123718419e-01,-7.870799071625915466e-02,7.546357535791020990e-03,7.607282406966787980e-02,2.199125201040078026e-02,3.950160535555130061e-03,2.481990748955691627e-03,-5.373499635027785895e-03,-4.701063048257991470e-03,2.926213955935989819e-02,-8.613320257172300213e-04,-3.708575110583424775e-03,-2.802034917120497723e-03,8.388066731341271842e-03
2.041742286751361060e-02,4.525776531442639999e-02,3.296976254988604360e+00,1.129536888841849163e-01,1.812822542334086295e-01,1.019408564720998417e-01,4.155441532226629257e-03,4.174228675136116423e-02,-2.317233359683643812e+01,2.944246216790232573e+00,-6.822749330589150674e-01,4.679981934186542292e-01,3.127695388487157224e-01,-4.947680615901019485e-01,-1.315234288782335947e-01,-3.329554131518755455e-01,-3.370815100151280941e-01,-2.879227460781448866e-01,-6.643463422872026847e-01,-5.436506511257896967e-01,-3.610942188088838711e-01,1.781237964123363535e-02,1.787815739577582400e-02,8.512430020312454493e-02,7.985191801196608874e-02,1.115497807103246058e-02,5.942558631922450693e-03,6.377557685508497901e-03,3.752990330702569814e-04,5.999915258025600648e-03,2.142371941732058339e-03,6.273766971888056210e-03,6.598037110571360617e-04,2.851402648050469640e-02,4.990925589836658904e-03,1.078136885624628172e-02,1.488893946802960500e-03,2.217517988431826070e-02,4.597110786342842315e-02,-3.207462734567317897e-03,-4.174150086971376884e-03,0.000000000000000000e+00,-1.834070423090459201e-01,5.534079397387294819e-01,1.643883300127475522e-01,1.705033621952123379e-03,2.220648078457019559e-01,-1.184770479990767122e-01,-1.255588502642182858e-01,-1.715467929856096529e-01,2.946205581088334746e-02,-1.208955458191770527e-01,-7.480268751192342691e-03,7.752474156123745352e-02,1.022072078953056851e-01,7.799464528282160081e-05,6.831139702417624027e-03,-5.476915549870599309e-02,4.847823393520129392e-02,1.201590464714193118e-03,2.098084992843383956e-03,-2.895021307843533009e-03,-3.055870882214312047e-04,-2.678698928168306986e-02,5.074783536490603490e-04,1.637894910547511504e-03,-4.439089852612974809e-05,-8.569477423393624671e-03
1.588021778584391974e-02,2.995634073063149078e-02,3.213103529164972993e+00,1.208616375981483859e-01,2.027588533855406439e-01,5.903186247726283781e-02,6.877308825337402967e-03,1.270417422867513649e-02,-2.493655422071981675e+01,3.129169190938439815e+00,6.206249318586902763e-01,4.030153252257368535e-01,2.993490741091636709e-02,-4.251894604640650277e-01,-6.427960828158374440e-01,-4.303197658391330616e-01,1.449187911456387839e-02,-1.540705288725089661e-01,-4.495714475716646730e-01,-6.683762141305902293e-01,-4.046418689937595348e-01,1.220919408374560727e-02,1.202393853049220189e-03,1.343015949163499367e-01,1.231335188867242886e-01,1.954318758316214016e-02,5.297236685254636326e-03,1.037390749139663858e-02,1.357193546597724087e-04,1.275723740403240328e-03,2.973444178614988685e-03,3.145068135680736173e-03,7.798414155022024988e-04,4.623503558188069018e-02,-4.537205081669690859e-03,-1.530142458379490922e-02,-8.387272582363136664e-02,7.907948713963469656e-03,2.147659915213201431e-02,-4.290899399483700388e-02,2.721867293110773710e-03,-2.903811252268602774e-02,-1.764220623883378636e+00,1.849229741482072420e-01,1.302899864917605344e+00,-6.498286819291737570e-02,-2.828346314377993553e-01,6.957860112603692082e-02,-5.112726539376037938e-01,-9.736435268725751602e-02,3.515733891296919933e-01,1.338522172056359205e-01,2.147748947155380117e-01,-1.247255630048005326e-01,-4.354765018487566364e-02,-5.603185557488028073e-03,-1.667576354272660294e-02,4.917729471322539181e-02,4.328160087475819984e-02,8.388209512129679579e-03,-6.453219466678143668e-04,3.996349805888140677e-03,-2.395796784104845727e-04,-4.724191517622360753e-03,8.310722368829303458e-04,-3.128698836207320037e-03,1.200377044450664371e-04,1.772100910137599378e-02
3.357531760435571860e-02,6.437709517854006865e-03,3.179047238837407807e+00,1.230862420299026760e-01,1.661167412855682757e-01,2.133409421092952729e-01,8.824073298732235116e-03,2.177858439201451821e-02,-2.610101956259293132e+01,2.637724293484229321e+00,2.349271227123290728e-01,2.915156852655735875e-01,4.144804946983534077e-01,1.875335675292199578e-01,-7.113598368425355645e-02,-4.249272893084986985e-02,-2.564438008245364942e-01,-7.369609822707872127e-01,-4.663270715969294322e-01,8.067669405769975488e-02,-6.082838753716290903e-02,6.774945486293584493e-03,2.281019038594670877e-03,4.112833005764152811e-02,2.017496546650833777e-01,1.262361654700392723e-02,1.990283739968431824e-03,1.824659389849612318e-02,7.496690711101917448e-04,1.777409288380120975e-03,3.563440860649072593e-03,1.043166194074377287e-02,5.531726126719789007e-04,5.437032309509330641e-02,1.769509981851179886e-02,-2.351863121277748478e-02,-3.405629032756518626e-02,2.224604431754290124e-03,-3.664211209997236818e-02,1.543090796320324420e-01,1.946764473394832148e-03,9.074410163339381719e-03,-1.164465341873114568e+00,-4.914448974542104942e-01,-3.856978091463612035e-01,-1.114996399601632660e-01,3.845455872874370407e-01,6.127230279932849299e-01,5.716600991315838876e-01,3.878270369082831848e-01,-2.709356799391003934e-01,-5.828904533982782743e-01,-1.675562402526475925e-02,7.490529081882899565e-01,3.438134814565966257e-01,-5.434248597452022780e-03,1.078625185545450688e-03,-9.317326485870841557e-02,7.861613577835908917e-02,-6.919571036158212937e-03,-3.306952945286204502e-03,7.872686407099484598e-03,6.139497164504193090e-04,5.016855479768806466e-04,5.899966820340839073e-04,7.286593805063036264e-03,-2.266688028302235982e-04,8.135287513212616228e-03
1.860254083484573495e-02,1.015791697080402345e-02,3.223537872615703126e+00,1.334219282838124965e-01,2.007093362975022888e-01,1.263914632535817206e-01,2.501229074880876018e-03,2.087114337568058212e-02,-2.535182836888067825e+01,2.870753250588628180e+00,7.405835501056065584e-02,-3.467548258887817592e-02,-9.939598529198671872e-02,-2.310065761367693926e-01,-3.927359404113813235e-01,-3.656123261649139033e-01,-1.569002273931824343e-01,-2.499123728583957926e-01,-3.497036810263702278e-01,-2.962262453602176326e-01,-3.035004609126706887e-01,1.071886794159283320e-02,3.069030731292080646e-03,5.015228361906633181e-02,1.839266911965808105e-01,1.599583475078047642e-02,8.517077779271712765e-03,7.447868626974990004e-03,8.689628418837719304e-04,2.828817484699370881e-03,1.429419541418805320e-03,8.638938907761056080e-03,6.732806912478200021e-04,4.976801432517529572e-02,-1.497277676950998365e-02,3.720207452950016584e-03,4.449063377829531873e-02,1.033568625390982043e-02,3.459259501193401309e-02,-8.694947885571355228e-02,-6.322844223851358664e-03,-9.074410163339360902e-04,7.491911937122530674e-01,2.330289571043988595e-01,-1.608687677017684170e-01,-3.261911678544517912e-01,-5.138764799903401403e-01,-4.185401436659893504e-01,-3.215999567271277670e-01,-3.231195972340640266e-01,9.954357343135405989e-02,4.870486094123914200e-01,1.166233905705592044e-01,-3.769029394179174153e-01,-2.426720733755077797e-01,3.943922455299248703e-03,7.880116926974097685e-04,9.023953561424803704e-03,-1.782296346850256730e-02,3.372218203776549197e-03,6.526794039303280941e-03,-1.079872527152113404e-02,1.192937707735801855e-04,1.051408196319249906e-03,-2.134021319230267055e-03,-1.792723032982716791e-03,1.201080785758411014e-04,-4.602308769918010689e-03
1.724137931034482735e-02,2.050429339310441343e-02,2.999884050385828616e+00,1.013403556037518749e-01,1.757159441306930803e-01,4.532877819109393247e-02,1.606810925880929747e-02,1.179673321234119866e-02,-2.548743119253688860e+01,3.212000451739828399e+00,2.333369818191105283e-01,2.464188884042678995e-01,-1.048433855639012424e-01,-3.558111258551960865e-01,-2.870988429364498273e-01,-1.207986860116113947e-01,-2.820271262666182999e-01,-4.469656275290400105e-01,-1.387861294708923332e-01,-3.401305288724333908e-01,-5.039987095356691649e-01,3.825528369464507861e-02,5.518701309526700266e-04,2.119161176519505085e-01,3.256418470972452517e-02,7.894943072536774950e-03,2.031432581061635989e-03,2.049023625813103933e-02,1.032037203346047871e-03,4.930345209356436307e-04,2.277972944320313421e-03,8.213554268706291239e-03,1.998200886786473569e-03,5.704305846102367822e-02,-1.361161524500907605e-03,1.034637642230038998e-02,-2.236538222298745104e-01,-3.208157268006062157e-02,-2.499339216680920850e-02,-8.106268506248778816e-02,1.356688018392842102e-02,-9.074410163339383453e-03,-1.356028236562103473e-01,3.412472011512002190e-01,1.592786268085498724e-01,2.810943709931460477e-01,-5.447400271914523695e-03,-1.248045497184266939e-01,1.056370974749314962e-01,2.448136401533025086e-01,-1.251268988734358656e-01,-1.970532546706442178e-01,2.109175515554778946e-01,-4.390428351221575820e-02,-2.004982486229984762e-01,2.753641575305224715e-02,-2.517160600339410619e-03,1.617638340328841906e-01,-1.513625064868562853e-01,-8.100891678243701474e-03,-6.485645198210076776e-03,1.304236763115605019e-02,1.630743614622759408e-04,-2.335782963763727467e-03,8.485534029015081008e-04,-4.253846390547648404e-04,1.324920195538653676e-03,7.275044135848382498e-03
7.214156079854809611e-02,1.103900997291233426e-03,3.134571829845858915e+00,1.499815913378188537e-01,1.665277201177442490e-01,5.117262570895502183e-01,1.766904056182619018e-02,5.535390199637023334e-02,-2.735449180535016467e+01,2.337581074152057514e+00,4.062219525121566477e-01,4.669433787505056221e-01,-1.683058739060799835e-04,-1.302269756191601902e-01,-8.010059908093825065e-02,-2.424836184029969810e-01,7.042137727852845752e-02,-2.378844297141535780e-01,-9.137568714504677725e-02,2.319883562619084669e-02,-2.974752444325054479e-02,1.329683184310855894e-02,1.611404974557331411e-03,8.231936580004714510e-02,1.521761644055722590e-02,1.091643370913263078e-02,5.374150567260356157e-03,9.402926238042517981e-02,3.283386972805038030e-04,4.001528880780623638e-03,2.717398021294489385e-03,5.045410778044265299e-02,3.965315503112213855e-03,3.166168279086258724e-02,5.490018148820326876e-02,-1.940039239581317979e-02,1.346877794600302991e-01,4.864123573406697876e-02,-9.188224012948831287e-03,4.663974788984562858e-01,1.600931303016892709e-03,4.355716878402903641e-02,-1.867060612813276066e+00,-8.744193775877708852e-01,1.728849706930461194e-01,2.205244903462377226e-01,1.046750796899951624e-01,2.255841502360358963e-01,2.069982438555115767e-01,-1.216849323913855863e-01,3.524485035451467851e-01,2.090811978148864325e-01,4.741044232584555596e-02,3.633293644986242410e-01,4.742511850924185923e-01,-2.495845185153652140e-02,1.059534843604661384e-03,-1.295967518519033634e-01,-1.734656826916729927e-02,3.021490636595855830e-03,3.342717986198720168e-03,7.353902612229414049e-02,-7.036985060655440681e-04,3.508494359844980225e-03,4.394250769741759634e-04,4.224055351173636175e-02,1.967114616325740285e-03,-2.538137567016109097e-02
6.533575317604355115e-02,1.020631729025349996e-03,3.171030230297802177e+00,1.668141681023898593e-01,1.587542741650715128e-01,8.046661728219053344e-01,3.391878024604810891e-03,1.778584392014519178e-01,-2.790936477756804024e+01,1.699502930417793767e+00,5.283055377364281879e-01,3.832910725646494488e-01,5.441387268317348092e-01,1.565341844805890614e-01,1.031846399208515702e-01,-2.763183004598568360e-02,-4.518896993147584334e-02,8.105150358072854555e-03,2.987274581124654826e-02,-1.082380201560360078e-01,-8.759177886470774499e-02,6.247801713888266953e-03,1.286878927924304649e-03,5.487871807121597056e-02,1.099096459609481130e-02,1.108695550658478704e-02,1.454384426975259157e-03,2.214139126187516793e-01,8.625148434306052943e-04,1.690998437018683591e-03,1.511159777070835396e-02,1.182999411455671647e-02,1.047737527681570505e-03,5.998645237267791891e-02,-6.805807622504544963e-03,-8.326926826588343031e-05,3.645840045194326251e-02,1.683257676457100560e-02,-7.773445952672736192e-03,2.929399157323551162e-01,-1.427716253722137972e-02,1.225045372050816844e-01,-5.548729722178755708e-01,-6.380781437342637474e-01,1.220835852242715402e-01,-8.365230618585617339e-02,5.443070327056408475e-01,2.867611600997492793e-01,1.832852390017898347e-01,2.148517883570112974e-01,-1.156103472100042939e-01,2.459895800722264325e-01,1.212484329562933255e-01,-1.314368557822268579e-01,-5.784425442145720020e-02,-7.049030129220291985e-03,-3.245260466330267615e-04,-2.744064772883117453e-02,-4.226651844462414598e-03,1.705217974521562596e-04,-3.919766140285096782e-03,1.273846502383265133e-01,5.341761461501014913e-04,-2.310530443761940264e-03,1.239419974941386414e-02,-3.862411366588593825e-02,-2.917577975430643566e-03,2.832476958181533166e-02
8.802177858439201585e-02,6.393082963523336222e-04,3.091795449430240428e+00,1.590940834320222763e-01,1.540617555568330466e-01,7.489915889038297747e-01,2.123122143653804420e-03,1.442831215970961922e-01,-2.829420236892961427e+01,1.770517633336832652e+00,4.031598134683822554e-01,5.251079813303121124e-01,6.977056105724888102e-01,2.155403496621426107e-01,-3.670427222325082367e-02,8.969321415388890884e-02,1.944303642618327999e-01,-6.733774710091541826e-02,-6.310265402190298745e-02,-2.111113376368796979e-01,-7.773607320880071558e-02,1.749510615156028848e-02,3.191027865484780558e-03,3.876827497057904609e-02,3.273028379477178722e-03,3.360138369056603347e-02,4.346365403268498059e-03,1.276924908033303940e-01,8.059419992969127020e-04,1.031256209613850942e-03,2.203475810075481833e-03,6.070132305519461424e-02,3.423830707060801937e-03,3.612309312509737191e-02,2.268602540834846470e-02,-3.813234326730163739e-04,-7.923478086756174932e-02,-7.720084670367582946e-03,-4.692518608238466227e-03,-5.567458391807555973e-02,-1.268755880951006471e-03,-3.357531760435572554e-02,-3.848375913615740274e-01,7.101470291903888565e-02,-1.251457242680459325e-01,1.418169087656626637e-01,1.535668837407540011e-01,5.900616518155354928e-02,-1.398889121441024008e-01,1.173250441998745924e-01,2.396193341933086363e-01,-7.544289745898827282e-02,-9.297539983314953571e-02,-1.028733174808436901e-01,9.855705655907029406e-03,1.124730443767202152e-02,1.904148937560475909e-03,-1.611044310063692447e-02,-7.717936216617632579e-03,2.251442818398124643e-02,2.891980976293238685e-03,-9.372142181542128525e-02,-5.657284413369259232e-05,-6.597422274048326488e-04,-1.290812196063287169e-02,4.887132894063789951e-02,2.376093179379231216e-03,-2.386335924758054700e-02
8.393829401088928610e-02,6.355019358005893756e-04,3.103159009170372684e+00,1.663186227320123944e-01,1.591991419746415226e-01,7.713463987534163735e-01,2.005429280427419979e-03,1.724137931034482873e-01,-2.848188108014011632e+01,1.628276472828902754e+00,2.901440466904529614e-01,4.400444838423144822e-01,4.188213973700192216e-01,2.938296920785428146e-01,-1.084141188443853987e-01,-2.279108532569218415e-01,-1.379565609567976747e-01,-2.074912281047175400e-01,-1.483135457876533572e-03,2.011935880371930607e-01,6.659310146362673599e-02,1.802126233449231549e-02,8.624207268817444920e-04,5.877712535862292254e-02,7.510542647808086947e-03,8.690484651359780405e-03,3.386383606502575347e-03,2.123778658309102008e-01,1.385457269199731178e-03,3.391899869528657713e-03,3.829500335760848383e-03,2.701606746821480151e-02,8.846520098237241770e-04,5.759247331019028832e-02,-4.083484573502729753e-03,-3.806360551744246597e-06,1.136355974013225634e-02,7.224539299990118124e-03,5.137386417808476047e-03,2.235480984958659878e-02,-1.176928632263844407e-04,2.813067150635209512e-02,-1.876787112105020583e-01,-1.422411605079298980e-01,-1.130157667779292940e-01,-8.506349748799763022e-02,-2.788842132024695886e-01,7.828934241640020386e-02,-7.170984662113458197e-02,-3.176040674108107642e-01,-3.323869252186304468e-01,-1.401534810038021217e-01,6.161951856402645561e-02,4.123049256740727309e-01,1.443291746724274516e-01,5.261561829320270112e-04,-2.328607138603036066e-03,2.000885038804387644e-02,4.237514268330908225e-03,-2.491089903920625306e-02,-9.599817967659227125e-04,8.468537502757980673e-02,5.795152699028184758e-04,2.360643659914806770e-03,1.626024525685366550e-03,-3.368525558697980926e-02,-2.539178697237077544e-03,2.146938018509291640e-02
9.074410163339383106e-02,4.926799543284733325e-04,3.015674451521055843e+00,1.680694048965954146e-01,1.562665721024125431e-01,8.014728553892118690e-01,2.176899718242138876e-03,1.733212341197822026e-01,-2.916036178847848959e+01,1.626124493606943666e+00,4.279549822372987755e-01,4.605158356336866432e-01,5.670755323955991578e-01,4.418545853314748140e-01,3.844599032204290556e-01,2.965813963665583919e-01,4.367596101714339707e-02,-1.150178915303830401e-01,1.685558690524457393e-01,2.432714365186254279e-01,3.245033791163112746e-02,4.619715606104276943e-03,8.013201803427999438e-04,9.127812921335977381e-02,3.668426631594456878e-04,4.147077662515475521e-02,1.786341630903615692e-03,1.262959983249036799e-01,9.001607933694038112e-04,1.044204395977205201e-03,3.564141876121755276e-03,3.137840932707869346e-02,5.711414748938998653e-04,4.012667545800698704e-02,6.805807622504544963e-03,-1.428219814721160431e-04,-8.748455764931684087e-02,1.750782164583020162e-03,-2.932569872228979468e-03,3.012645663579549549e-02,1.714704378147188964e-04,9.074410163339152735e-04,-6.784807083383732618e-01,-2.151979221959088306e-03,1.378109355468458141e-01,2.047135179137216099e-02,1.482541350255799362e-01,1.480248932529319994e-01,4.928740220648144543e-01,5.244922496234802889e-01,1.816325219739410857e-01,9.247333657433449983e-02,1.700390045103222780e-01,4.207784848143236722e-02,-3.414276355199560853e-02,-1.340154672838803768e-02,-6.110054653894454822e-05,3.250100385473685127e-02,-7.143699984648641151e-03,3.278029197379497828e-02,-1.600041975598959654e-03,-8.608186750600652082e-02,-4.852964758303273665e-04,-2.347695473551452729e-03,-2.653584596390931062e-04,4.362341858863891947e-03,-3.135105349298243117e-04,-1.746579785218330128e-02
1.048094373865698786e-01,6.569370623234834124e-04,3.150695117765657915e+00,1.674972101471675912e-01,1.584235216819344372e-01,9.569839896732416085e-01,2.271003725789989477e-03,2.059891107078039851e-01,-2.834920883752490184e+01,1.653907225321459951e+00,5.423698190266277308e-01,3.638632562146505434e-01,4.695843624726246390e-01,1.253566780952721227e-01,-5.478288925876988180e-02,-5.855868862912061434e-02,1.136227920701003841e-01,1.202746356234332681e-02,1.792171945208653749e-01,7.176926217999486657e-03,-1.701391875189207370e-01,1.363343716994968799e-02,1.922716995492575404e-03,3.018975837744524576e-02,2.757904067851828581e-03,8.099483600752284060e-03,4.066264413546662182e-03,1.602140887311246376e-01,1.007946945615228931e-03,5.290863821427298393e-03,4.444528542265207237e-03,6.913873509858983746e-02,2.533250444075078271e-03,4.474816066573233941e-02,1.406533575317604756e-02,1.642571079950100798e-04,1.350206662446020722e-01,-5.721947494278234458e-04,2.156949579521894034e-03,1.555111342840297395e-01,9.410400754785060162e-05,3.266787658802178251e-02,8.111529509535877480e-01,2.778273171451628443e-02,1.144148367893289553e-01,-9.665257941903609984e-02,-9.749116992297451878e-02,-3.164979072362026913e-01,-4.392427924791989513e-01,-3.551400849956790062e-01,6.994683105295698700e-02,1.270453550927263531e-01,1.066132546841963569e-02,-2.360945103006259482e-01,-2.025895254305518645e-01,9.013721563845410178e-03,1.121396815149775569e-03,-6.108837083591452805e-02,2.391061404692382784e-03,-3.337129302440246942e-02,2.279922782643046490e-03,3.391809040622095761e-02,1.077861522458251195e-04,4.246659425450093409e-03,8.803866661434519604e-04,3.776032577151114400e-02,1.962108969181178622e-03,4.621485207725352373e-03
3.357531760435571860e-02,1.573102775157639082e-03,3.024816453120867443e+00,1.346787963944116040e-01,1.475581710700263893e-01,3.168158072148031801e-01,5.968069517090518299e-03,9.981851179673321278e-03,-2.852066534503875417e+01,1.855323669824625377e+00,4.485398102448877045e-01,3.228012116995565006e-01,3.698388607431162267e-01,5.640420791804759970e-01,8.000874087693668479e-02,1.272045854195756887e-01,2.014183057418716949e-01,2.811947482184994421e-02,2.173840679842167223e-01,1.187636566179156028e-01,6.589532315699968279e-02,3.610239934519062725e-03,3.476655569832503060e-04,1.050968769607757425e-01,3.227403671594405630e-04,4.509928074079379637e-03,2.276446424197460256e-03,2.562926295124510201e-01,2.841751851738726639e-04,1.193558653680049488e-03,1.955183516367054244e-03,2.110063117094267138e-02,8.965957824093235586e-04,7.304598876258142082e-02,-7.123411978221416696e-02,9.161657128341556700e-04,-1.258786646447904722e-01,-3.281841375275598716e-02,-1.086535061190804785e-02,-6.401681824584384284e-01,3.697065791300528821e-03,-1.960072595281306673e-01,-1.714565075138523298e-01,2.014164445031654260e-01,-9.383000878174002635e-02,-4.106204451509404274e-02,-9.974550172950841231e-02,4.386854010852038743e-01,1.347916301357065527e-01,1.857632740486963030e-01,8.779551367177131083e-02,1.609201125950661740e-02,3.816687346335134734e-02,1.115867303999161231e-01,2.360345106759204059e-01,-1.002319723543062570e-02,-1.575051438509325044e-03,7.490711858333048978e-02,-2.435163700692387963e-03,-3.589555526672904423e-03,-1.789817989349201926e-03,9.607854078132638254e-02,-7.237717604413562668e-04,-4.097305167747249122e-03,-2.489345025898152992e-03,-4.803810392764716608e-02,-1.636654661665754712e-03,2.829782809684908140e-02
3.448275862068965469e-02,1.516975644361929533e-03,3.147316011829733640e+00,1.387518758426160848e-01,1.394443634368736085e-01,4.920078868197197419e-01,2.755050943915038353e-03,2.722323049001814863e-02,-2.824893860279840041e+01,1.779122637799612772e+00,7.622707186267683177e-01,4.340179508575690015e-01,6.125382729143583616e-01,9.848999179292342032e-02,1.023869515819838538e-01,-5.173475069618727745e-03,1.040984568725167175e-01,1.592124841989187578e-01,-1.591368253006198719e-01,2.763964183389144846e-01,2.049315392653500711e-01,4.239427448750540672e-03,4.214338078836654851e-04,6.020967036705154179e-02,4.430959045814523989e-04,1.947673513670001091e-02,4.260489898400771427e-03,2.091972894109902503e-01,2.736260535695160773e-04,1.362283971154072898e-03,9.809007387469139468e-04,6.530849739078330163e-02,6.066660041652789702e-04,5.835407362592731628e-02,9.074410163339360902e-04,-5.612713079570954937e-05,1.224995587088661964e-01,4.073079448204480757e-03,-8.113807633152780863e-03,1.751920796049165618e-01,-3.213018573175479946e-03,1.724137931034482735e-02,2.717267422403537580e-01,-7.620103202501260498e-02,3.137309083818806132e-01,1.112167391580125009e-01,2.426994121712421348e-01,-4.655520873875526044e-01,2.237821070504716903e-02,-1.323780604891944268e-01,-9.731984886935497736e-02,1.310930093770688032e-01,-3.765208932848366219e-01,1.576327617209988818e-01,1.390362161083503745e-01,6.291875142314779477e-04,7.376825090041517910e-05,-4.488720659372420069e-02,1.203555374220118359e-04,1.496680706262063128e-02,1.984043474203311171e-03,-4.709534010146076977e-02,-1.054913160435658670e-05,1.687253174740234105e-04,-9.742827776201402976e-04,4.420786621984063025e-02,-2.899297782440445883e-04,-1.469191513665410453e-02
8.212341197822141392e-02,9.481771449716866994e-04,3.052410580917042093e+00,1.454227633469571401e-01,1.275864360836164446e-01,1.165251393206321540e+00,4.870190100482089599e-03,1.751361161524500887e-01,-2.747124238475327473e+01,1.337825316837088607e+00,8.338598560361142331e-01,-8.403808919466677907e-02,4.495295484328545310e-01,4.388630706284990524e-02,3.771640201941500736e-01,-1.499069909860312189e-02,8.321914137606789552e-02,-6.652988265725515160e-02,6.059620652204405350e-02,-2.748546530033154495e-02,-6.389596686748652554e-02,7.985901701293141725e-03,5.176224610756273567e-04,3.864411469766798612e-02,4.315649486910913893e-03,2.815917382283537884e-02,3.316938368189414899e-03,1.453494096771654198e-01,1.812146688257105110e-03,1.710253270604570339e-03,1.053623696553302597e-02,9.630735276838189168e-03,2.102297219513189677e-03,3.909505300842674308e-02,4.764065335753175923e-02,-5.687984993902428336e-04,-9.490543091269154630e-02,6.670887504341055374e-03,-1.185792735325716385e-02,6.732435063866017977e-01,2.115139156567051246e-03,1.479128856624319366e-01,7.776962180451256756e-01,-4.412973209625241644e-01,7.158913740934591541e-02,-5.180560400522358222e-01,-1.630087244815038305e-01,-5.460368473007351509e-02,2.747770686121662198e-01,-9.817224028984394141e-03,-2.087931549644882201e-02,-2.257423668561739094e-01,2.197330318226639323e-01,-3.038818836392460088e-01,-2.688275061328365689e-01,3.746474252542601052e-03,9.618865319196187157e-05,-2.156555566938355567e-02,3.872553582329461494e-03,8.682438686135367928e-03,-9.435515302113565289e-04,-6.384787973382483051e-02,1.538520634687588979e-03,3.479692994504974407e-04,9.555336226786111803e-03,-5.567776211394510899e-02,1.495631215347910815e-03,-1.925902061750057320e-02
1.016333938294010919e-01,4.272763329896315078e-04,3.182605162194307447e+00,1.554747004526868814e-01,1.358283302940594683e-01,1.050930236493408776e+00,3.003494322882216839e-03,2.177858439201451890e-01,-2.858241221793818454e+01,1.699413254365657266e+00,5.243687115534445553e-01,4.226505167157549314e-01,6.101529377972233492e-01,2.592900905283193058e-01,2.084081192513914660e-01,-3.341872520841365768e-02,1.649692349632004285e-01,-7.865143454038206472e-02,7.776756543961124528e-03,1.100113476815404445e-01,-5.783277836993817866e-02,5.122168329526181896e-02,2.593768828524308390e-03,2.416713751421786099e-02,3.332930485240699625e-03,1.302802475180310851e-02,3.891668780286160808e-03,4.806375220979423879e-02,2.275383963964421757e-04,3.390247741754601196e-03,2.010846791008788492e-02,5.102509049413654629e-02,6.224233632092674448e-04,1.967547004957249587e-02,1.950998185117967798e-02,-5.209008119820551915e-04,1.301945812772653532e-01,1.005193710572974131e-02,8.241894210443023727e-03,-1.143211567129127637e-01,-1.866695777599872760e-03,4.264972776769510032e-02,-1.111169833184909805e+00,3.615879375285686592e-01,-3.094911444826696778e-01,5.066886059104217521e-01,1.606233893643688182e-01,2.154037834654694006e-01,-1.687559009427586076e-01,-1.842802610981053579e-02,8.175009358713253294e-02,-1.212155188312691312e-02,-5.281944997808293157e-02,1.374968129818719964e-01,6.063188497548346878e-03,4.323578159396868070e-02,2.076146367448680925e-03,-1.447697718345012513e-02,-9.827190016702142678e-04,-1.513114907103227033e-02,5.747304120967459094e-04,-9.728565746737118103e-02,-1.584608291860662961e-03,1.679994471150030857e-03,9.572230944554858956e-03,4.139435521729835366e-02,-1.479873856303922340e-03,-1.941958295885424721e-02
1.129764065335753243e-01,5.987754255973747920e-04,3.151630919572117939e+00,1.702342332357949795e-01,1.520149043026934321e-01,1.121708930232633739e+00,2.403095829601748466e-03,2.250453720508167055e-01,-2.869964651541557998e+01,1.882884282969021328e+00,6.320631025191777441e-01,2.156111588437923388e-01,7.245085088772535986e-01,2.764300737427355936e-01,3.703759095577986438e-01,-1.321943320915341946e-01,-1.116514773906951419e-01,-8.458915341606432214e-02,1.394566589540416346e-01,1.945855209337086222e-01,1.639587140958118361e-01,5.209476644942703620e-03,1.207069535087571975e-03,1.407896948879691114e-02,4.910843738720835176e-03,7.543244040128986583e-02,5.288707524029720788e-03,6.349803238407988881e-02,1.105773272814914105e-03,1.147755778264334140e-03,1.008482612524073951e-02,5.256200841189306167e-02,4.375418162669091580e-04,2.624801785486280750e-02,1.134301270417423235e-02,1.714990926077432842e-04,-3.097424262218950730e-02,1.475953278310809802e-02,1.618657400863396378e-02,7.077869373922496266e-02,-6.003984932804683726e-04,7.259528130671516477e-03,-1.172342974773954438e-01,1.834710286033640614e-01,1.076943909657331888e-01,-2.070393578719625927e-01,1.143555710800302494e-01,1.713998321441628780e-02,1.619677903064071778e-01,-9.877560688312053694e-02,-2.766207123538955703e-01,-5.937718875682257424e-03,1.316799024100805127e-01,8.457417325216817772e-02,2.217914924657500286e-01,-4.601220665031911794e-02,-1.386699293436736416e-03,-1.008816802542094986e-02,1.577913253480135551e-03,6.240441564948676079e-02,1.397038743743559980e-03,1.543428017428565002e-02,8.782348764184719561e-04,-2.242491963490266839e-03,-1.002364178484714541e-02,1.536917917756515373e-03,-1.848815469423582868e-04,6.572547805290311629e-03
1.052631578947368363e-01,7.885832725966978544e-04,3.132708017893551133e+00,1.648692654514248290e-01,1.344495552178087971e-01,1.214303321887453935e+00,2.859272642335778693e-03,2.313974591651542512e-01,-2.832027335717564753e+01,1.517546047998831193e+00,6.597305822757499882e-01,8.891544338327611596e-02,6.169861346280336445e-01,2.093404213135930392e-01,8.272371643077688907e-02,9.413311807658900077e-02,2.466838478549153169e-01,1.516712303189671762e-01,6.946677659109465330e-02,-8.887340112546451842e-02,3.828854358234240474e-02,2.383610956955858201e-02,1.390885809311997534e-03,7.017915919409484227e-02,1.023714191230332572e-03,5.549835225626850027e-03,4.033776016728949157e-03,1.161845389518024463e-01,7.908178431434299393e-04,1.941403133584508004e-03,5.805057764078716716e-03,3.308041494182949877e-02,1.807462295476948378e-03,3.451836566976317078e-02,-7.713248638838487992e-03,1.898078469993230624e-04,-1.892290167856680583e-02,-5.364967784370150428e-03,-1.756534908488463498e-02,9.259439165482019618e-02,4.561768127340302265e-04,6.352087114337545692e-03,3.793731582399324509e-01,-3.653382349701901344e-01,2.766747975657224412e-02,-1.266957154605162228e-01,-1.075223742492199541e-01,-6.708965242914255445e-02,-2.876521931270217269e-01,2.263274501681231954e-01,3.583353252456104587e-01,2.362603837350314984e-01,-6.998988236294698129e-02,-2.834589220591731129e-01,-1.256701705134694314e-01,1.862663292461587752e-02,1.838162742244255597e-04,5.610018970529793286e-02,-3.887129547490502605e-03,-6.988260517566301233e-02,-1.254931507300771631e-03,5.268650656772255747e-02,-3.149554296714841654e-04,7.936473553201738636e-04,-4.279768361162022798e-03,-1.948159347006356290e-02,1.369920479210039220e-03,8.270347814900363276e-03
1.057168784029038078e-01,4.429733091103228845e-04,3.229835422034984305e+00,1.818800179116691895e-01,1.667137284851488432e-01,1.299622820646246124e+00,2.193720239168089978e-03,2.177858439201451890e-01,-2.880011944373307387e+01,1.693314405278326218e+00,6.147467320661379464e-01,2.079151090157550230e-01,7.143538622630731805e-01,2.855158873797197447e-02,-1.581025885129880293e-02,-2.197067145052885584e-01,-7.334126700190142512e-02,-1.610194376499504143e-01,-4.794443008843824600e-02,-3.280884825676494421e-02,-1.993666516049466542e-01,1.128076843630684313e-02,1.441186449093826696e-03,3.203044463713174139e-02,6.822761031862648907e-03,2.005842726583837929e-02,2.786899263929698209e-03,1.015699395599749671e-01,2.085515870229996162e-03,1.235939979821978679e-03,5.380298368469832275e-03,4.715394161613604973e-02,3.583454471508356037e-03,2.825571951343746821e-02,4.537205081669715145e-04,-3.456099634863749699e-04,9.712740414143317125e-02,1.701075246024436050e-02,3.226417326734004609e-02,8.531949875879218936e-02,-6.655524031676887144e-04,-1.361161524500906217e-02,-4.798460865574263323e-01,1.757683572794950244e-01,-4.498385020961204184e-02,1.189996656324789071e-01,9.736772763503953598e-02,-1.807888325756210612e-01,-9.853397528207569200e-02,-3.138398325818775314e-01,-3.200251148568167281e-01,-3.126906679689175905e-01,-1.174112066795328924e-01,5.606455286869957422e-02,-2.376551951872890589e-01,-1.255534113325173888e-02,5.030063978182916160e-05,-3.814871455696310087e-02,5.799046840632315902e-03,1.450859204021152926e-02,-1.246876752799250948e-03,-1.461459939182747914e-02,1.294698027086566222e-03,-7.054631537625293252e-04,-4.247593956088844408e-04,1.407352667430655097e-02,1.775992176031407658e-03,-6.262646156325702568e-03
9.165154264972777409e-02,5.227413938895719616e-04,3.125783463977438448e+00,1.902435398651669829e-01,1.765662093867345628e-01,7.855553699688728742e-01,3.839407699588787051e-03,1.950998185117967243e-01,-2.894300228684762288e+01,2.273648036016220786e+00,2.781180431696709254e-01,3.451488061202467317e-01,4.986339863179432008e-01,3.261510803520625279e-01,4.097258968975959759e-01,2.033093491681851606e-01,-1.959284334030592795e-02,1.903907343762371168e-02,1.483418332524170102e-01,2.329067947842555775e-01,1.299384675336017758e-01,8.006688589680170665e-03,2.046346053304659834e-03,1.209784263217551087e-01,4.406857845078627871e-03,9.742117526991455473e-03,1.125087567041730937e-03,7.241112826636737776e-02,8.237249276812211914e-04,2.742106349456975307e-03,9.888955736392417151e-03,3.675122244208774147e-02,9.638586870069588627e-04,3.588258259162194208e-02,-1.406533575317603368e-02,7.976808477924907711e-05,-1.040519580575458569e-01,8.363521953497793371e-03,9.852480901585719542e-03,-5.140674506773732499e-01,1.645687460420697072e-03,-2.268602540834846470e-02,-1.428828431145490185e-01,5.803336307378945680e-01,-3.366286888964670210e-01,1.372336971044917087e-01,-2.157198759451299797e-01,2.975994916140905500e-01,4.255361557488948065e-01,4.230160636734737190e-01,5.374842366159549717e-02,1.800585110875741190e-01,1.962862633408552493e-01,2.657156430410205217e-01,3.293051191385484300e-01,-3.274079846626672466e-03,6.051596042108331377e-04,8.894798168462336729e-02,-2.415903186784021037e-03,-1.031630973884692382e-02,-1.661811696887967272e-03,-2.915881129360758939e-02,-1.261790942548774970e-03,1.506166369634996628e-03,4.508657367922584876e-03,-1.040271917404830826e-02,-2.619595784501397174e-03,7.626863078184473871e-03
1.166061705989110686e-01,3.662442299073644125e-04,2.965184407008455647e+00,1.787379588868302782e-01,1.929077161487540715e-01,6.221339448417237961e-01,1.857331288665942754e-03,7.350272232304899678e-02,-2.919787271156642561e+01,2.085269212430955754e+00,5.285636443859210304e-02,4.619806507378008131e-01,3.601828471917096763e-01,2.694521719440630125e-01,3.373042319744212758e-01,-7.958416514685401344e-03,7.502328357941870363e-02,1.978770728871110940e-01,1.976812545975648594e-01,6.696228490048007631e-03,2.466602261924643047e-01,1.446430831665905699e-02,2.638658206478343860e-03,7.734767503739142791e-02,1.478630630511408800e-03,1.180239369886482668e-02,4.750578450933664633e-03,1.604032670228585922e-01,1.999895868395675479e-03,2.530416076479826987e-03,2.505899650797838597e-03,2.190320956011987397e-02,6.346777345947422896e-04,4.561199709935054997e-02,2.495462794918329452e-02,-1.564971639822075491e-04,-1.605990569689828007e-01,-1.150558097833670468e-02,1.634150676201950869e-02,-1.634214251271490781e-01,-1.982076410922844513e-03,-1.215970961887477275e-01,-2.548704247188027239e-01,-1.883788235852650317e-01,-2.252616787310788293e-01,1.168318446175540815e-01,-1.384511391262335245e-01,-5.669890840799951537e-02,-7.242166492317470006e-02,-2.112677656828705619e-01,9.461612691972462463e-02,1.788379994494873892e-01,4.933942134514784916e-02,-2.262105662942075768e-01,1.167217586588625289e-01,6.457619726978886324e-03,5.923121531736840265e-04,-4.363075128436368078e-02,-2.928227214567219287e-03,2.060276171873371212e-03,3.625490883891933913e-03,8.799213875649121441e-02,1.176170940714454287e-03,-2.116902729771483194e-04,-7.383056085594578988e-03,-1.484801288196786750e-02,-3.291809524122165731e-04,9.729414507728607886e-03
4.582577132486388705e-02,4.388070182685040481e-04,3.043630018257816428e+00,1.385104330383008231e-01,1.664285232788912383e-01,3.177534670100707337e-01,3.907179209781896922e-03,3.176043557168783948e-02,-2.917945388639211401e+01,2.027317664609130432e+00,2.014683073181192385e-01,6.460984636143938253e-01,1.599036469725299558e-01,-8.563190678546053758e-02,2.737437384024133391e-01,-2.235614427265297105e-02,-1.087062432162461956e-01,1.168620407072814144e-01,9.469186493607517630e-02,5.111038333572069658e-02,-1.303622309121520439e-01,3.750747353383438593e-02,1.395632237827370810e-03,1.259192324409669737e-02,6.131878632996052604e-04,1.455605790374620533e-02,3.149526025485740836e-03,2.628789390695354666e-01,1.603025576897853274e-04,9.454746388276708512e-04,5.418821193039879969e-03,2.379077207595138230e-02,1.044940248735821064e-03,7.097396813900101742e-02,-7.078039927404718157e-02,7.256278836113963559e-05,7.844561124936078045e-02,-4.022752584852945512e-02,-2.647919286986283316e-02,-3.043804778316530624e-01,2.049847921115953951e-03,-4.174228675136115729e-02,1.841882517431159272e-02,-5.795154782182532216e-02,1.486119428795271424e-01,1.841178128765930122e-01,-2.002792002191797205e-01,-3.550840787295235224e-01,-6.356049357200793670e-02,-1.439772775796756971e-02,-1.837295267956648992e-01,-8.101503217982967964e-02,-1.029893896614896831e-01,4.441415484567268895e-02,-3.770224571046163486e-01,2.304316521717533067e-02,-1.243025968650973050e-03,-6.475575179329473574e-02,-8.654427672118035399e-04,2.753664204881378641e-03,-1.601052425447923797e-03,1.024756720466768745e-01,-1.839593310705890097e-03,-1.584941437652156136e-03,2.912921542242041372e-03,1.887562515831508331e-03,4.102625141410787745e-04,2.536197103965046745e-02
6.442831215970962200e-02,4.780580317123230981e-04,3.127341635960921629e+00,1.558540722916637589e-01,1.480325570144775671e-01,8.138236658030663095e-01,3.915105974171213636e-03,1.724137931034482873e-01,-2.877111505104278422e+01,1.812104066624257381e+00,1.629625543530052456e-01,1.573204383911307180e-01,7.158470052191394650e-01,1.688105583400621446e-01,1.847480023889108425e-01,6.129489310878123709e-02,5.741158785041455132e-02,-5.356929550143946228e-02,7.160158670511453105e-02,-4.658544403418463098e-02,7.002892190774520631e-02,9.518830649286314644e-03,1.444028655394149520e-03,4.125976647544259135e-02,6.989165490499499832e-03,3.944524839210424710e-03,8.509845180437567921e-03,1.475963902316539123e-01,7.447045236532043528e-04,3.369641239334097288e-03,1.532209212590140979e-02,6.520891272742493361e-02,1.659774413940626929e-03,4.126867952306553095e-02,1.860254083484573495e-02,3.925101344381905005e-05,8.371161770310520112e-02,1.734363925336293577e-02,-1.839596626441367122e-02,4.960701987929955759e-01,7.926764389316713622e-06,1.406533575317604479e-01,4.083388353493297984e-01,-2.152135979848730507e-01,-3.850575296511399292e-02,-4.887780252232630795e-01,5.559433582466095647e-01,2.544424651255227099e-01,-8.899573601350249663e-02,8.365103738143420120e-02,1.661178310666607538e-01,-1.704313362087208628e-01,-2.309027823096064524e-02,-9.769582736990532756e-02,2.003911528198972503e-01,-2.798864288454807128e-02,4.839641756677870964e-05,2.866784323134589224e-02,6.375977627199894138e-03,-1.061153306453578062e-02,5.360319154951827085e-03,-1.152825488378815544e-01,5.844019659634190796e-04,2.424166600506426437e-03,9.903270932861529818e-03,4.141814065147354784e-02,6.148341652048058652e-04,-2.970528861593548647e-02
6.941923774954628090e-02,4.524473156798232919e-04,2.892334598502392495e+00,1.525256577574791161e-01,1.732731984092772959e-01,4.645127984344781247e-01,1.815404780098394365e-03,3.992740471869328511e-02,-2.912932222949165961e+01,1.897255134968601986e+00,3.228829157760990665e-01,4.868114365373011898e-01,6.753458095033901820e-01,2.345282240474670099e-01,1.403367192267320762e-01,-5.538159866833141515e-02,1.533530744637161269e-01,4.128721478184951832e-05,-9.769840342624758200e-02,1.379979340362081364e-01,1.355495085645313791e-01,1.337112492818661423e-02,1.443580209958803028e-03,5.425225766927584820e-02,7.646336599548553270e-04,8.300147733243286308e-03,3.112819926921725315e-03,1.418748008265553751e-01,5.045243267070598529e-04,2.053590102719006147e-03,1.306223148115271803e-03,1.001360455876257605e-01,6.127473755556834146e-04,4.510623534754257258e-02,4.990925589836658904e-03,-2.561071603249980618e-05,-2.350070374585291333e-01,-3.328414534184642726e-03,2.524064139479972879e-02,-3.493108673685881849e-01,-2.099701194072819271e-03,-1.324863883847550161e-01,-3.582071784488753963e-01,8.515106834434460481e-02,1.599203614230938209e-01,3.294909981461704440e-01,-4.050119571574928301e-02,6.571766570740486535e-02,-4.441128316217876626e-02,-1.166764917771126453e-01,9.594148661330156869e-02,5.361058271622130833e-02,-1.692999901313620992e-01,1.845833780703927673e-01,6.552058665678617277e-02,3.852294278900299587e-03,-4.484454353464919357e-07,1.299249119383325685e-02,-6.224531830544644505e-03,4.355622894032861597e-03,-5.397025253515842606e-03,-5.721589405098537195e-03,-2.401801969461444999e-04,-1.316051136615091141e-03,-1.401586897778613755e-02,3.492713286020082686e-02,-1.047027038384943515e-03,3.837555824477041633e-03
