5.036297640653357444e-02,1.073292133290487584e-03,3.111699478508820782e+00,8.755980212126418527e-02,1.184909677843204584e-01,2.506176284319034941e-01,0.000000000000000000e+00,6.624319419237749418e-02,-2.651593065748246758e+01,1.575409395628820874e+00,-1.136924858354113832e+00,-2.559896275506427510e-01,-4.876749299801463877e-01,1.092361875398063648e-01,3.378141411361408331e-01,-5.000953526525501180e-01,-4.129262733066241253e-01,-1.392061738909119162e-01,-5.031501042186563577e-01,1.165461326216260529e-02,-2.647059410493284304e-01,1.700872084526420733e-02,5.577781624909514298e-03,2.034626345581779308e-02,1.833024749850326734e-02,9.076149936418476116e-03,1.621208261358369346e-02,1.435035865244975797e-02,1.470720412020751211e-02,8.447623394636524438e-03,4.228296250468782311e-03,5.221239159530203199e-03,1.155781849977082897e-03,6.086244830848551619e-03,0.000000000000000000e+00,0.000000000000000000e+00,0.000000000000000000e+00,0.000000000000000000e+00,0.000000000000000000e+00,0.000000000000000000e+00,0.000000000000000000e+00,0.000000000000000000e+00,0.000000000000000000e+00,0.000000000000000000e+00,0.000000000000000000e+00,0.000000000000000000e+00,0.000000000000000000e+00,0.000000000000000000e+00,0.000000000000000000e+00,0.000000000000000000e+00,0.000000000000000000e+00,0.000000000000000000e+00,0.000000000000000000e+00,0.000000000000000000e+00,0.000000000000000000e+00,0.000000000000000000e+00,0.000000000000000000e+00,0.000000000000000000e+00,0.000000000000000000e+00,0.000000000000000000e+00,0.000000000000000000e+00,0.000000000000000000e+00,0.000000000000000000e+00,0.000000000000000000e+00,0.000000000000000000e+00,0.000000000000000000e+00,0.000000000000000000e+00,0.000000000000000000e+00
6.034482758620689918e-02,5.556601594289341684e-04,3.267908855314267669e+00,1.257937541687114136e-01,1.702572760417810915e-01,4.586187601838298544e-01,2.899816234754910328e-03,7.985480943738657023e-02,-2.724718443736263751e+01,1.059546906238172159e+00,-1.100053882170580977e+00,-3.318413428247847796e-01,-4.238455407114090634e-01,2.558502332210799146e-01,2.203114987386645129e-01,6.971831697396972671e-02,-1.121255599897225397e-01,6.279962072073240476e-02,-4.448138846927649492e-01,3.847043294197282498e-02,-1.097762555156533981e-01,9.105558091802993734e-03,1.150222457988286581e-02,3.997914201674954149e-02,1.091278193804336334e-02,3.967997102604682580e-03,8.942701729924524418e-03,1.214643505424124227e-02,3.733568442581063768e-02,4.767292335644353687e-03,3.694093846414498675e-03,3.930315160887715674e-03,1.426408506651683124e-02,1.182209787613767819e-02,9.981851179673324748e-03,-5.176319738615534159e-04,1.562093768054468867e-01,3.823395204744722831e-02,5.176630825746063314e-02,2.080011317519263603e-01,2.899816234754910328e-03,1.361161524500907605e-02,-7.312537798801699296e-01,-5.158624893906487152e-01,3.687097618353285533e-02,-7.585171527414202863e-02,6.382938926873732433e-02,1.466140456812735637e-01,-1.175026423974763201e-01,5.698136696265198031e-01,3.008007133169016134e-01,2.020057946116443071e-01,5.833621952589140847e-02,2.681581967981021969e-02,1.549296855336750323e-01,-7.903162753461213594e-03,5.924442954973351515e-03,1.963287856093174841e-02,-7.417465560459904003e-03,-5.108152833813793536e-03,-7.269380883659169040e-03,-2.203923598208515702e-03,2.262848030560312557e-02,-3.680331058992170751e-03,-5.342024040542836354e-04,-1.290923998642487525e-03,1.310830321653974791e-02,5.735853045289126574e-03
5.535390199637023334e-02,6.144890798875328594e-04,3.174153866315433614e+00,1.176053652245393072e-01,1.608893287018614282e-01,4.073791904649150530e-01,3.103476849686046327e-03,6.805807622504536636e-02,-2.715623881262725803e+01,1.466849951720772260e+00,-9.603605155151817563e-01,-5.067604429568011160e-01,-1.867045994963069111e-01,-2.021028116324802559e-01,-1.382520555240504823e-01,-1.282498470837534488e-01,-2.764929629350142970e-01,8.331272363544132975e-03,-3.112019082617373256e-01,1.871207221040763202e-01,-1.673993962046088357e-01,2.526623469508445033e-02,8.556109818714107904e-03,2.186269921076133479e-02,9.775424816387691396e-03,5.565773006520165905e-03,4.445934840228904159e-03,4.756894524866658869e-02,3.587303117595017944e-03,1.643744500165330441e-02,3.354650114662070456e-03,4.541724059897637653e-03,2.198000290105670343e-02,1.259734199851738311e-02,-4.990925589836665843e-03,5.882892045859869096e-05,-9.375498899883405457e-02,-8.188388944172106387e-03,-9.367947339919663330e-03,-5.123956971891480139e-02,2.036606149311359984e-04,-1.179673321234120387e-02,9.094562473537948222e-02,4.073030454826001012e-01,1.396933666553992204e-01,-1.749191001320163363e-01,2.371409412151021523e-01,-4.579530448535601428e-01,-3.585635542627150230e-01,-1.979681640577231616e-01,-1.643674029452917573e-01,-5.446834835718827178e-02,1.336119764310276237e-01,1.486502891621034883e-01,-5.762314068895543762e-02,1.616067660328145833e-02,-2.946114761168757909e-03,-1.811644280598820669e-02,-1.137357121655671946e-03,1.597775903915483325e-03,-4.496766889695620259e-03,3.542251019442534815e-02,-3.374838130821562060e-02,1.167015266600895072e-02,-3.394437317524282190e-04,6.114088990099219786e-04,7.715917834539872192e-03,7.752441223797049141e-04
1.501814882032667942e-01,1.587631083205420139e-03,2.980343962191871032e+00,1.998614729369515841e-01,1.404344969899852247e-01,1.760251155992192729e+00,6.804780492759721772e-03,2.903811252268602705e-01,-2.731957000451591711e+01,7.685320528995840395e-01,-5.080292077145569518e-01,-6.217234165991813999e-01,1.881062265446935000e-01,-2.677228268569526448e-01,2.503253122959007149e-01,-7.908315091206705727e-01,-5.148703228976010682e-02,5.013301968888581595e-01,-2.649258857087796182e-01,8.999788679308681760e-02,1.311767743313921875e-01,6.114057149600342529e-03,1.792602328046466421e-03,5.744960102784983126e-03,1.749840938397746563e-03,3.200996591930863489e-03,7.661745357980188215e-03,4.789589522494284296e-03,9.292579366714555020e-03,3.754379861453546047e-03,5.013958971322904704e-03,5.476595839675190390e-03,1.459658849770335658e-03,2.317545121447617869e-03,9.482758620689656082e-02,9.731420033178872801e-04,-1.938099041235625819e-01,8.225610771241227692e-02,-2.045483171187620353e-02,1.352871965527277620e+00,3.701303643073675445e-03,2.223230490018149041e-01,-1.633311918886590774e-01,-6.983178988211882210e-01,4.523313078006248045e-01,-1.149629736423802839e-01,3.748108260410004111e-01,-6.562001522447238888e-02,3.885773678199512249e-01,-6.625816620369171517e-01,2.250059306452542041e-01,4.929989245253140195e-01,4.627602255295770739e-02,-9.712283531098950262e-02,2.985761705360010509e-01,-1.915217754548410867e-02,-6.763507490667641266e-03,-1.611773910797635254e-02,-8.025583877989943965e-03,-2.364776414589302416e-03,3.215810517751284056e-03,-4.277935572617230786e-02,5.705276249119537076e-03,-1.268306514019975836e-02,1.659308856660834247e-03,9.348717797775527374e-04,-2.052034405128636690e-02,-1.027979687706976480e-02
2.304900181488203359e-01,1.683967585820196622e-02,3.116677724992313880e+00,2.408874533352488301e-01,1.105005894791295656e-01,1.563589666955838675e+00,2.140410567449208424e-03,3.130671506352087352e-01,-2.794360064741566774e+01,-4.937188573206651165e-01,7.513632666807372740e-01,-8.093784389963897263e-01,6.786901410160133263e-01,-9.225284027863936420e-02,-1.420764612961579187e-01,-1.250127231449067455e+00,-2.887647561186323930e-02,3.626988831757973486e-01,3.042903650688055794e-01,7.553891311272785680e-01,1.907904803622487988e-01,3.406647933605679805e-03,2.681702249438475409e-04,1.872801469323448920e-03,1.688581267804570925e-04,1.163758175271970528e-03,3.787422624521822744e-04,1.372649141157415275e-03,3.191227595293511573e-03,2.804711450296004573e-03,2.464728433138227773e-03,1.367878816446989332e-03,1.698045310497126514e-03,1.065045728539896954e-03,8.030852994555354174e-02,1.525204477499654543e-02,1.363337628004428481e-01,4.102598039829724597e-02,-2.993390751085565904e-02,-1.966614890363540535e-01,-4.664369925310513781e-03,2.268602540834846470e-02,-6.240306428997506316e-01,-1.262250910220249267e+00,1.259392474395294226e+00,-1.876550223972083264e-01,4.905839144713198263e-01,1.754699865783132806e-01,-3.924017735920586336e-01,-4.592957223283968826e-01,2.261055667789686752e-02,-1.386313137130608109e-01,5.692162507775851976e-01,6.653912443341917227e-01,5.961370603085661135e-02,-2.707409215994662725e-03,-1.524432103102618934e-03,-3.872158633461534206e-03,-1.580982811617289525e-03,-2.037238416658892961e-03,-7.283003095528006211e-03,-3.416940381336869021e-03,-6.101351771421043013e-03,-9.496684111575414734e-04,-2.549230538184676931e-03,-4.108717023228201058e-03,2.383864607267908563e-04,-1.252499392907720915e-03
2.182395644283121605e-01,2.870975034604333204e-02,3.187427031555994716e+00,2.459964274590610012e-01,1.251958884855737530e-01,1.574073937483271957e+00,1.578824760980022642e-03,3.203266787658802239e-01,-2.722280575783113576e+01,-8.380039200380960951e-01,8.448854379203439846e-01,-1.442810503330353100e+00,3.295242856408601151e-01,-7.891224429349223968e-01,-2.223239238972541110e-01,-3.670495622435614447e-01,-1.449997093263812320e-01,-4.791935323875055053e-01,-6.055675695822912985e-01,-2.029082249448905806e-01,5.173775853272177122e-02,1.703911334861549958e-03,1.457770393182090127e-03,1.099103781825873502e-03,2.534170133854755382e-04,3.491087822363154818e-04,9.620879448636404868e-04,9.677448417506494174e-04,1.747760475698621069e-04,3.925822038506966531e-03,1.557610783444688968e-03,6.785956602609380904e-04,2.802875034975866632e-04,9.876869023050600851e-04,-1.225045372050817538e-02,1.187007448784136582e-02,7.074930656368083604e-02,5.108974123812171086e-03,1.469529900644418741e-02,1.048427052743328147e-02,-5.615858064691857821e-04,7.259528130671488722e-03,7.207948895845319726e-01,-3.442850627174309786e-01,9.352217123960671064e-02,-6.334320643339633738e-01,-3.491658553751532112e-01,-6.968696026562830603e-01,-8.024746260109619223e-02,8.830776692055060106e-01,-1.161232337145179927e-01,-8.418924155633028539e-01,-9.098579346510968779e-01,-9.582973560721691486e-01,-1.390527218295270206e-01,-1.702736598744129847e-03,1.189600168238242640e-03,-7.736976874975754186e-04,8.455888660501844570e-05,-8.146493930356549923e-04,5.833456824114581583e-04,-4.049042994067658576e-04,-3.016451547723649276e-03,1.121110588210961958e-03,-9.071176496935388044e-04,-6.892831561860512414e-04,-1.417757806999539851e-03,-7.735882623483686903e-05
6.805807622504536636e-02,7.213611735332034480e-02,3.006059843212057547e+00,1.008339574539571237e-01,1.069328870763681522e-01,2.953754131329253685e-01,1.518053765300163976e-02,9.800362976406533366e-02,-2.221786717041022285e+01,7.006331548655939656e-01,-5.503082925297262396e-01,-2.515304141141182503e-01,-1.282291847112792205e+00,6.481764092271025124e-01,-8.297305715751612798e-01,8.930399573436198501e-02,-6.437441243701831350e-01,-9.131478059178974593e-01,-3.159203730512948893e-01,2.162963205088509477e-01,5.077952415586146628e-01,1.356438029356299684e-03,1.075110720912870847e-02,2.582451007673411750e-03,4.197741042611489483e-03,6.339216587861273844e-02,4.274354837822961356e-02,1.382393241753333488e-03,5.282449541450297834e-04,3.298771064642268248e-04,4.034659211270370457e-04,2.545885789632237536e-03,1.120965357935255896e-02,1.926825694290686120e-02,-1.501814882032667942e-01,4.342636700727701277e-02,-1.813671883439371690e-01,-1.451624700051038774e-01,-1.826300140920560089e-02,-1.278698524350346588e+00,1.360171289202161647e-02,-2.223230490018148764e-01,5.004938587420912910e+00,1.538637074903689950e+00,-1.395193730450070113e+00,1.191280089216234739e+00,-1.611816132753652209e+00,1.437298852162024909e+00,-6.074066476779071966e-01,4.563535579779234297e-01,-4.987444150438019030e-01,-4.339542735303919541e-01,2.896471965309964092e-01,4.192045454537415283e-01,4.560574830258928847e-01,-3.474733055052502736e-04,9.293336815946618562e-03,1.483347225847538248e-03,3.944324029226013890e-03,6.304305709637642030e-02,4.178146043336597448e-02,4.146484000026840703e-04,3.534689065751677036e-04,-3.595944932042739652e-03,-1.154144862317651923e-03,1.867290129371299446e-03,1.092936607585497273e-02,1.828057004060180263e-02
4.764065335753175923e-02,1.007963284226911505e-01,3.279882499059903811e+00,9.391537271215318061e-02,1.414659962905129020e-01,5.798207344330299357e-02,1.047663012967219032e-02,8.348457350272232846e-02,-2.242998725279623429e+01,1.009188673493691901e+00,-2.065570139990049015e+00,-1.098027323952590617e-01,-2.212018456748370276e+00,3.262966563120345276e-01,-6.845044889362703611e-01,-4.961221959183752528e-01,-5.534242645758987722e-01,-1.167458506557941478e+00,-4.151247652764302187e-01,-2.134704267377745546e-01,4.784631902855401853e-01,1.046041751400492333e-03,3.937594421163224077e-03,1.677987721147143011e-03,5.732339900771306861e-03,8.447207081500578141e-02,5.294791421209829249e-03,1.274607685303878832e-03,1.051279474148812329e-02,8.695381157465018962e-04,5.768826902254965737e-04,2.808157425597430923e-02,2.603681021626376955e-03,2.299664451465536358e-02,-2.041742286751360713e-02,2.866021106937080565e-02,2.738226558478462636e-01,-6.918584741803943117e-03,3.453310921414474988e-02,-2.373933396896223680e-01,-4.703907523329449447e-03,-1.451905626134300520e-02,-2.121200823860114326e-01,3.085555186280979356e-01,-1.515261847460322775e+00,1.417276817188591886e-01,-9.297266096355780718e-01,-3.218797529150679848e-01,1.452260826388909187e-01,-5.854261916527372378e-01,9.031985979428436284e-02,-2.543107006400440184e-01,-9.920439222513532940e-02,-4.297667472466255023e-01,-2.933205127307447757e-02,-3.103962779558073516e-04,-6.813512787965484395e-03,-9.044632865262687386e-04,1.534598858159817378e-03,2.107990493639304297e-02,-3.744875695701978258e-02,-1.077855564494546552e-04,9.984549787343094049e-03,5.396610092822751257e-04,1.734167690984595280e-04,2.553568846634206996e-02,-8.605972557726181138e-03,3.728387571748502383e-03
5.399274047186932574e-02,8.529489583096817873e-02,3.281066220325003169e+00,1.045785148751472854e-01,1.602913303697466041e-01,4.006432354218640579e-02,1.596609132668238076e-02,7.531760435571688284e-02,-2.251084931862011729e+01,1.893591643869425578e-01,-2.544587437645489558e+00,1.879546044611741795e-01,-1.749131614637916776e+00,1.040807062003172925e-02,-2.693198386893638219e-01,-6.700916145418174263e-01,-4.234738054778900973e-01,-1.036956179411160361e+00,-3.211325144552746869e-01,3.031661524233817961e-01,9.393792388123785031e-01,6.328701509454312882e-03,6.767383783020997946e-04,8.886342877749885344e-04,1.605757853513033444e-03,2.162935776889282277e-02,2.975788623884847647e-02,1.712481978188703938e-03,6.258595902375061002e-04,4.292463657963565410e-03,1.869070904540344556e-03,1.148048313181480569e-03,1.992538568459272658e-02,9.742082242080259483e-03,6.352087114337566509e-03,-1.550143259172297172e-02,1.183721265099357822e-03,1.066314216299410478e-02,1.882533407923370206e-02,-1.791774990111658777e-02,5.489461197010190446e-03,-8.166969147005445628e-03,-8.086206582388300035e-02,-8.198295091067493434e-01,-4.790172976554405437e-01,2.977573368564332412e-01,4.628868421104535003e-01,-3.158885856920027879e-01,4.151846502469065392e-01,-1.739694186234421736e-01,1.299504590980086749e-01,1.305023271467811163e-01,9.399225082115553187e-02,5.166365791611563507e-01,4.609160485268383178e-01,5.282659758053820549e-03,-3.260856042861124283e-03,-7.893534333721544767e-04,-4.126582047258273850e-03,-6.284271304611295517e-02,2.446309481763864896e-02,4.378742928848251056e-04,-9.886935151250617407e-03,3.422925542217063622e-03,1.292188214314848090e-03,-2.693352594279282974e-02,1.732170466296634875e-02,-1.325456227257510410e-02
5.353901996370236116e-02,4.825223451278447956e-02,3.163213005026969782e+00,7.228658619215833081e-02,9.932580865690049388e-02,2.014136141019265414e-02,1.680638624587239144e-02,7.259528130671506763e-02,-2.295193918656543275e+01,1.019129638541720118e+00,-2.101919335049040161e+00,2.858866154437941232e-01,-1.717083491875602608e+00,2.149226297885291070e-01,-5.954027298741484397e-01,-3.155940361082391066e-01,-7.467669727138274982e-02,-4.639205714333149988e-01,6.047291303241146831e-01,1.000346609119094676e+00,4.907929280198202182e-01,3.324844390866880939e-03,1.242640123459954650e-02,8.340015619007695030e-03,1.083713909419912027e-03,1.529170162549096414e-03,6.418603541143247555e-03,5.804211324673145406e-02,1.101691409668218401e-02,2.956359537143704586e-02,7.131815787043482152e-03,5.520146506495794171e-03,8.797042972190118049e-04,1.572505039759156467e-02,-4.537205081669645756e-04,-3.704266131818369917e-02,-1.178532152980333869e-01,-3.229192868298895458e-02,-6.096552171284611021e-02,-1.992296213199375166e-02,8.402949191900106751e-04,-2.722323049001815209e-03,-4.410898679453154614e-01,8.297704741547775598e-01,4.426681025964493976e-01,9.793201098261994364e-02,3.204812276231416845e-02,2.045145591684973674e-01,-3.260828911847846179e-01,3.544975784335783198e-01,3.487971082065073336e-01,5.730356079778453626e-01,9.258616447793893700e-01,6.971804566957129357e-01,-4.485863107925582849e-01,-3.003857118587431943e-03,1.174966285629744714e-02,7.451381331232706171e-03,-5.220439440931214179e-04,-2.010018760634372723e-02,-2.333928269770522979e-02,5.632963126854274860e-02,1.039105450644467812e-02,2.527113171347348045e-02,5.262744882503138030e-03,4.372098193314313819e-03,-1.904568138737371477e-02,5.982968155511305189e-03
2.404718693284936537e-02,5.573138084300478974e-03,3.045934690307360970e+00,1.011035545080326004e-01,1.676439243845627980e-01,4.086333559309122954e-02,1.452159473698192219e-02,4.446460980036297944e-02,-2.590971863924503538e+01,1.787802547586687441e+00,-8.135971075752901349e-01,2.391614085260418410e-01,-1.306746772615305474e+00,-3.459046928639907259e-01,-8.956077192579696700e-01,-2.671422369115764583e-01,-2.086060683303102570e-01,-2.806301814863934596e-01,6.153387976808073478e-01,5.992660306064520048e-01,2.267631107147291825e-01,1.920101309663334484e-03,1.626653645318240074e-03,8.698904766306664316e-03,1.341313881396455614e-03,2.860386725235035572e-03,4.357781973647466278e-03,1.528380464323532764e-02,1.112262491962355375e-02,1.456635385253396142e-01,6.331207603980067503e-03,2.989812140279776622e-03,1.077367855116343918e-03,3.904376799587432056e-02,-2.949183303085299579e-02,-4.267909642848399798e-02,-1.172783147196088116e-01,2.881696831587426955e-02,6.831811572766230412e-02,2.072197418289857540e-02,-2.284791508890469253e-03,-2.813067150635208818e-02,-2.957779452679602628e+00,7.686729090449673230e-01,1.288322227473750026e+00,-4.672520691775228219e-02,4.103367192602971336e-01,-5.608273226525197774e-01,-3.002049893838212302e-01,4.845179919666264823e-02,-1.339293710589274933e-01,1.832903899469215392e-01,1.060966735669266470e-02,-4.010805785126426715e-01,-2.640298173050910080e-01,-1.404743081203546455e-03,-1.079974758928130621e-02,3.588891472989692855e-04,2.575999719765435878e-04,1.331216562685939159e-03,-2.060821567495781277e-03,-4.275830860349612295e-02,1.057108229413697420e-04,1.160999431539025684e-01,-8.006081830634146496e-04,-2.530334366216017549e-03,1.976635578973321133e-04,2.331871759828275589e-02
6.715063520871143721e-02,1.166489071799884904e-04,3.055999144882054708e+00,1.192554728853450485e-01,1.422128287504886290e-01,4.582892392735136711e-01,1.446761134492125650e-02,8.076225045372051325e-02,-2.939790449592162247e+01,1.577345084148183751e+00,-7.742774544078290244e-01,6.654850029391244648e-02,-2.556239558963016578e-01,8.637397844966211713e-02,-2.087284512802256853e-01,-4.473507577024862236e-01,7.393415023414041942e-03,-4.392962553179616259e-01,9.955625813719762296e-02,3.386023075077111977e-01,1.817995165790333156e-01,8.279404353989354079e-03,6.480405331685747290e-03,2.633988275591384390e-02,6.064627938209631898e-03,6.215762123833395471e-03,1.087689747074118383e-02,7.285235283878287171e-02,3.733163876331648152e-03,1.379306312449707361e-02,8.580769057072836284e-03,8.538926202945091790e-03,3.306015325364215426e-03,1.851420228702489734e-02,4.310344827586207184e-02,-5.456489177120490280e-03,1.006445457469373750e-02,1.815191837731244817e-02,-2.543109563407416895e-02,4.174259036804224277e-01,-5.398339206066568585e-05,3.629764065335753381e-02,-3.488185856676587093e+00,-2.104574634385036891e-01,3.931965316746111050e-02,-1.726129082321293806e-01,1.051122816719003872e+00,4.322786713136528292e-01,6.868792679777440124e-01,-1.802085207909097653e-01,2.159994833537242920e-01,-1.586660738315681662e-01,-5.157825395436097526e-01,-2.606637230987408071e-01,-4.496359413569586683e-02,6.359303044326019595e-03,4.853751686367507000e-03,1.764097798960717958e-02,4.723314056813176717e-03,3.355375398598359898e-03,6.519115497093717557e-03,5.756854819554754754e-02,-7.389461043291905597e-03,-1.318704754008425406e-01,2.249561453092768781e-03,5.549114062665314734e-03,2.228647470247871291e-03,-2.052956570884942322e-02
6.397459165154265048e-02,3.287511993881097119e-05,3.242685859903973622e+00,1.199739772851620839e-01,1.402137590595215755e-01,5.044746965125342930e-01,2.857997651270996042e-03,8.166969147005444241e-02,-3.092588231622038109e+01,1.566400395214273766e+00,-6.772146540234194045e-01,1.646553413213808770e-01,6.858048964266769132e-02,2.039537450750061320e-01,9.387816340106158730e-03,-4.543308176717951730e-01,-2.890298637728048181e-01,-1.764200769917376455e-01,1.525795967032631539e-01,2.635309386516463959e-01,-1.547008339811254130e-01,5.633209331055169522e-03,3.355413706381409327e-03,1.171650870025565429e-02,7.198930194104811303e-03,2.716966995023560594e-02,1.166664960897587783e-02,5.174214944811394296e-02,1.446701272544777782e-02,1.715721287939747999e-02,8.407922438427603215e-03,2.478534380540827267e-02,1.970366889420981180e-03,1.327833910109924020e-02,-3.176043557168786724e-03,-8.377378724117751920e-05,1.866867150219189142e-01,7.185043998170353996e-04,-1.999069690967053559e-03,4.618545723902062194e-02,-1.160961369365026002e-02,9.074410163339291513e-04,-1.527977820298758616e+00,-1.094468893390998510e-02,9.706280038440961988e-02,9.810684102746843049e-02,3.242044455389693214e-01,1.175797666253440149e-01,2.181162676203318440e-01,-6.980059969308949341e-03,-2.964232787962188809e-01,2.628761783262240082e-01,5.302333856606553097e-02,-7.507136885606480181e-02,-3.365003505601587008e-01,-2.646195022934184557e-03,-3.124991625304337963e-03,-1.462337405565818961e-02,1.134302255895179405e-03,2.095390782640221133e-02,7.897521382346939928e-04,-2.111020339066892876e-02,1.073384884911612880e-02,3.364149754900406381e-03,-1.728466186452330688e-04,1.624641760246318262e-02,-1.335648435943234246e-03,-5.235863185925657137e-03
7.032667876588022393e-02,2.367076823550997534e-05,3.250044063931299299e+00,1.302325610907182074e-01,1.471331972012442646e-01,6.132969221330005771e-01,2.816197615836134142e-03,1.007259528130671489e-01,-3.159499627664509802e+01,1.767929669137785709e+00,-4.185309862436319972e-01,5.794907732313283460e-02,-1.532625997897280601e-01,1.183707436844209371e-01,3.919987909061882769e-01,2.119224799493459044e-02,-3.001186491357237252e-01,-6.352864963324947323e-02,1.410290536268868911e-01,2.596665458180130726e-01,5.369186384237996379e-02,8.963891215055967698e-03,1.835613853038956661e-02,1.359469779647137257e-02,5.925325227508398789e-03,3.250389700039064966e-02,3.932531487886731236e-02,3.929447606932270215e-02,2.780047341930281732e-03,1.910711059643190827e-03,1.761701134233672680e-02,1.085230013005286480e-02,1.907006243730915811e-03,1.329892535436729382e-02,6.352087114337573448e-03,-9.204351703300995858e-06,7.358204027325676577e-03,1.025858380555612348e-02,6.919438141722689117e-03,1.088222256204662841e-01,-4.180003543486189924e-05,1.905626134301270647e-02,-6.691139604247169359e-01,2.015292739235119424e-01,2.586836677797874073e-01,-1.067062639982480354e-01,-2.218430894323957514e-01,-8.558300139058519496e-02,3.826109745660821182e-01,4.755230656667297495e-01,-1.108878536291890704e-02,1.128914273584881722e-01,-1.155054307637626287e-02,-3.864392833633323310e-03,2.083926978235053906e-01,3.330681884000798176e-03,1.500072482400815685e-02,1.878189096215718279e-03,-1.273604966596412515e-03,5.334227050155043726e-03,2.765866526989143453e-02,-1.244767337879124081e-02,-1.168696538351749609e-02,-1.524650181975428960e-02,9.209088903909123588e-03,-1.393304367535540787e-02,-6.336064569006536959e-05,2.058625326805361977e-05
7.667876588021778350e-02,1.947228571808318114e-05,3.280707560792009314e+00,1.425667718190158639e-01,1.582216789883549857e-01,7.893883126183194321e-01,3.085959816858770827e-03,1.615245009074410265e-01,-3.165639457601151818e+01,1.761357183778753610e+00,-3.812630878888794150e-01,4.551534287672021062e-03,-4.398033956621327095e-02,8.272048817610039295e-02,-3.446267705814738680e-02,-1.915658291676269886e-01,-2.299110791483451322e-01,6.546286349393563853e-02,1.823288377049096798e-01,5.536870153019250729e-02,-1.544825412126198116e-01,2.778221579990433621e-02,2.543369408312237505e-03,2.961013564664037589e-02,7.339123855765022561e-03,7.902569021958455800e-03,1.361860530866142692e-02,2.811596942303124652e-02,1.944139344173934775e-02,8.046633204026574365e-03,1.737285682531712269e-02,1.362597364960157348e-02,3.029057024944509496e-03,9.281250843656965038e-03,6.352087114337559570e-03,-4.198482517426794191e-06,3.066349686071001557e-02,1.233421072829765652e-02,1.108848178711072108e-02,1.760913904853188550e-01,2.697622010226366843e-04,6.079854809437387764e-02,-6.139829936642016150e-02,-6.572485359032098629e-03,3.726789835475258217e-02,-5.339754303546081354e-02,1.092822602235147822e-01,-3.565025550832054413e-02,-4.264614679643356498e-01,-2.127580771625615652e-01,7.020756998737859300e-02,1.289915131271850979e-01,4.129978407802278872e-02,-2.042978442878205514e-01,-2.081744050549997893e-01,1.881832458484836851e-02,-1.581276912207732824e-02,1.601543785016900506e-02,1.413798628256623773e-03,-2.460132797843219560e-02,-2.570670957020588371e-02,-1.117850664629145563e-02,1.666134609980906428e-02,6.135922144383383972e-03,-2.441545170196041115e-04,2.773673519548708680e-03,1.122050781213593685e-03,-4.017674510710328786e-03
1.125226860254083527e-01,1.813590293773093378e-05,3.298586296717676003e+00,1.624098450384543757e-01,1.503436903079380105e-01,1.267951883945183322e+00,1.922020984538978751e-03,2.087114337568058142e-01,-3.174937512839168363e+01,1.511082577430545193e+00,5.229256925227369901e-02,-3.520462357160609734e-01,-7.518546878331003325e-02,1.414320511559539473e-01,9.975364568517980368e-02,-9.816983585240936228e-02,-1.788067359858639405e-01,1.916885754143320963e-01,2.264856238372736086e-01,-6.922669504390968620e-02,-9.817648693707425878e-02,7.567813634010762784e-03,5.058714821513561784e-03,6.884286328408038488e-03,6.338156368018610549e-03,2.898446721504367371e-02,8.007548374042675055e-03,2.020931731317322788e-02,4.037084548737554339e-03,4.684143636750515149e-03,1.456358779175878290e-02,2.558344372994056717e-02,3.854486797661421139e-03,8.497932426089090802e-03,3.584392014519056924e-02,-1.336382780352247365e-06,1.787873592566668890e-02,1.984307321943851177e-02,-7.877988680416975198e-03,4.785635713268638902e-01,-1.163938832319792076e-03,4.718693284936478771e-02,-9.298055238016544877e-02,-2.502746063482084171e-01,4.335556571411531279e-01,-3.565977700037329945e-01,-3.120512921709676230e-02,5.871156297985355432e-02,1.342163227433271766e-01,9.339599331521762637e-02,5.110434316248119169e-02,1.262257119203964439e-01,4.415678613236392880e-02,-1.245953965741021935e-01,5.630605427554555287e-02,-2.021440216589357255e-02,2.515345413201324279e-03,-2.272584931823233567e-02,-1.000967487746412012e-03,2.108189819308521618e-02,-5.611056934618751865e-03,-7.906652109858018640e-03,-1.540430889300179254e-02,-3.362489567276059216e-03,-2.809269033558339790e-03,1.195747008033899370e-02,8.254297727169116437e-04,-7.833184175678742367e-04
8.529945553539020064e-02,1.885839410218310622e-05,3.257490296910218408e+00,1.430566223534470438e-01,1.522598627308890118e-01,8.379518197836917093e-01,1.662873821874921677e-03,1.324863883847549884e-01,-3.167187139501478654e+01,1.385515196694012463e+00,-1.594397099701990728e-01,2.088497079653695021e-03,3.051739079586984760e-01,-7.656223905373221728e-02,2.332688460876422218e-02,5.899209037051059146e-02,-2.010848958225145422e-01,-2.473759949742714292e-01,2.505157002869421931e-02,-3.404339037295785186e-02,-2.416834720413330029e-01,2.599978005697821046e-02,9.036528156459841879e-03,1.520054734499155617e-02,2.013328295487640598e-02,4.343677422136722754e-02,2.028123558954396041e-02,1.181077421787626001e-02,6.516455427361617439e-03,5.607647887174642236e-03,4.231842360044711475e-03,1.198792244924497090e-02,3.509006648517589300e-03,1.097913199820118972e-02,-2.722323049001815209e-02,7.224911644521724388e-07,-4.109599980745759495e-02,-1.935322268500733189e-02,1.916172422951001320e-03,-4.300000641614916130e-01,-2.591471626640570736e-04,-7.622504537205082586e-02,7.750373337689708819e-02,-1.255673807365327299e-01,-2.117322792224727857e-01,3.541347327957146685e-01,3.803593767420084815e-01,-2.179942902096861646e-01,-7.642676107641557803e-02,1.571619262229199676e-01,-2.227815983665060173e-02,-4.390645703886035256e-01,-2.014340538085793997e-01,3.518330467095183434e-02,-1.435069851042587441e-01,1.843196642296744681e-02,3.977813334946280095e-03,8.316261016583517685e-03,1.379512658685779630e-02,1.445230700632355383e-02,1.227368721550128536e-02,-8.398543095296967867e-03,2.479370878624063100e-03,9.235042504241270864e-04,-1.033174543171407056e-02,-1.359552128069559628e-02,-3.454801491438318391e-04,2.481199572112098919e-03
7.123411978221415308e-02,2.451606855272865930e-05,3.026824249944500611e+00,1.439646880662392436e-01,1.644332787711947075e-01,6.988540867124592992e-01,2.904655917460545814e-03,1.270417422867513579e-01,-3.136941626107907055e+01,1.525262003773962594e+00,-3.678656165851421633e-01,-2.286145314231121106e-01,-9.876508934843758469e-02,-2.662505746001819773e-01,1.964802886503967949e-01,2.955951336425814979e-01,2.623963606418172612e-01,9.774506688017686740e-02,6.944092538616397636e-02,-3.924142902555448620e-01,-1.937702332536820615e-01,7.318046558680995489e-03,2.862910021046657233e-02,3.524702618501882739e-02,1.193966885668410263e-02,1.169574749191395514e-02,6.116806788670899227e-03,3.505148624880494862e-02,8.867208620884234338e-03,9.816381607732644482e-03,1.767035267831235448e-02,5.639341955552872911e-03,1.375789687785424972e-02,1.042927354895864522e-02,-1.406533575317604756e-02,5.657674450545553083e-06,-2.306660469657177970e-01,9.080657127921998306e-04,1.217341604030569568e-02,-1.390977330712324100e-01,1.241782095585624137e-03,-5.444646098003630419e-03,3.024551339357159918e-01,1.397468070799501305e-01,-2.084259066149430906e-01,-2.307030285027658056e-01,-4.039389973071360607e-01,-1.896883355464497600e-01,1.731534040416325693e-01,2.366030432720709065e-01,4.634812564643318034e-01,3.451210618544482966e-01,4.438935535746975358e-02,-3.583708998825870240e-01,4.791323878765094135e-02,-1.868173349829721497e-02,1.959257205400673219e-02,2.004647884002726949e-02,-8.193614098192303352e-03,-3.174102672945327414e-02,-1.416442880087306205e-02,2.324071203092868687e-02,2.350753193522616899e-03,4.208733720558002246e-03,1.343851031826764214e-02,-6.348580493692097988e-03,1.024889022933666086e-02,-5.498584492425444975e-04
6.760435571687840872e-02,1.585197235706257567e-04,1.812156153996339558e+00,1.903579583857549495e-01,1.432319172617992908e-01,1.709841769700972236e+00,3.799233645456346307e-03,2.495462794918330285e-01,-3.009282254464716644e+01,7.065543645939700301e-01,-1.085201081274406454e-01,-7.191805796888961488e-01,1.376355047247404817e-01,-1.638947256564778354e-01,2.278973679145490649e-01,2.711710477948341413e-01,-1.465032933571052687e-01,-5.337467279719978475e-01,6.509118739428172706e-03,-1.297084253077046556e-01,1.098465740999828716e-01,1.852274779083404668e-03,5.038182393414452481e-03,5.127466961630678527e-03,2.888313324391847403e-02,5.817943063405781393e-03,3.002947236765860992e-03,5.283250769014944358e-03,3.057055658721905076e-03,1.772288807587403319e-03,2.664259973454528776e-03,2.765460893924216734e-03,1.823679154445370697e-03,7.162470767029738110e-03,-3.629764065335744361e-03,1.340036550178970974e-04,-1.214668095948161053e+00,4.639327031951570590e-02,-2.120136150939541664e-02,1.010987682988512937e+00,8.945777279958004938e-04,1.225045372050816705e-01,1.276593716431904113e+00,-8.187076391799925634e-01,2.593455084577015457e-01,-4.905660482657840382e-01,2.364005940731780664e-01,1.023558489437041419e-01,3.141707926415227004e-02,-2.442408584774735658e-02,-4.088996539989225298e-01,-6.314917948521747704e-01,-6.293180664673581060e-02,2.627058649478402064e-01,3.036168073536649192e-01,-5.465771779597590821e-03,-2.359091781705211985e-02,-3.011955922338814887e-02,1.694346438723437140e-02,-5.877804428508173751e-03,-3.113859551905038235e-03,-2.976823547979000339e-02,-5.810152962162329696e-03,-8.044092800145240946e-03,-1.500609270485782527e-02,-2.873881061628656176e-03,-1.193421772340887838e-02,-3.266802781928907114e-03
1.647005444646097994e-01,2.618554028233486403e-02,1.763330765103326980e+00,1.915130110172677258e-01,2.035340938318919435e-01,7.010302889758797118e-01,7.390515056827214220e-03,1.343012704174228744e-01,-2.402124812326665193e+01,1.686821582939416198e+00,-3.082521768400916518e-01,-1.298169168823504638e+00,-6.450077302890586672e-01,-9.017331482642917395e-01,5.909647190947575623e-01,4.553220407004586745e-01,4.926744013763090790e-01,1.624719613196505819e-01,-5.259002314794757327e-01,-4.385413835477701416e-02,-2.352618135565109347e-01,5.404439491238316462e-02,6.655154472993458914e-02,1.379786128295188569e-02,2.701226277238622832e-03,2.273654442753236370e-03,1.025268491671787021e-03,1.865581534915621400e-03,1.082279151975415769e-03,1.158705579695044246e-03,1.139667416002625383e-03,3.220016607311556103e-03,2.132094688264952673e-02,2.162671742274882916e-02,9.709618874773139063e-02,2.602702055876423767e-02,-4.882538889301257790e-02,1.155052631512776262e-03,6.030217657009265264e-02,-1.008811480725092524e+00,3.591281411370867913e-03,-1.152450090744101541e-01,6.071574421380514508e+00,9.802672183454461674e-01,-1.997320687126510064e-01,-5.789885891346084890e-01,-7.826432350137991767e-01,-7.378384226078138486e-01,3.630673511802084974e-01,1.841509929056245332e-01,6.391776947334143477e-01,6.962186892916484293e-01,-5.324093502189038984e-01,8.585428695292764145e-02,-3.451083876564938202e-01,5.219212013329976169e-02,6.151336233652013319e-02,8.670394321321207159e-03,-2.618190696667985207e-02,-3.544288620652545022e-03,-1.977678745094074188e-03,-3.417669234099323175e-03,-1.974776506746489524e-03,-6.135832278923590739e-04,-1.524592557451903392e-03,4.545557133873393690e-04,1.949726772820415538e-02,1.446424665571909018e-02
9.664246823956443300e-02,1.126333902437318679e-01,3.221036870062532920e+00,1.547798889431053204e-01,1.559441771055437576e-01,1.248072431790248515e+00,7.798498421767005931e-03,1.270417422867513579e-01,-2.152131156047789773e+01,-1.644859196423251735e-01,-1.319369390658522989e-02,-1.089746270772574910e+00,-7.761142017466146070e-01,-4.860229893588372541e-01,1.892806148093266749e-01,1.335851837147425947e+00,-2.285938579409150795e-01,-1.683291009310332043e-01,-7.330090718061728072e-01,5.769089635055824061e-01,-2.779912902359553684e-01,2.528131070778225596e-03,8.451936342432235516e-03,3.036544517351600844e-02,8.309225989314418526e-03,2.657682549462726806e-03,1.168968423057284954e-02,3.082839452632408963e-03,1.061211933465505035e-03,1.963196687914491381e-03,7.226663748580467936e-04,1.079841613407305206e-03,7.636118696566713063e-04,8.109942884252954037e-03,-6.805807622504536636e-02,8.644784996139701083e-02,1.457706104959205939e+00,-3.673312207416240538e-02,-4.758991672634818593e-02,5.470421428143688036e-01,4.079833649397917109e-04,-7.259528130671516477e-03,2.499936562788754202e+00,-1.851307502581741371e+00,2.950584829335064496e-01,2.084228980509297280e-01,-1.311064714575559398e-01,4.157101589054544855e-01,-4.016841042854308874e-01,8.805297964469672722e-01,-7.212682593172241585e-01,-3.308010622506837861e-01,-2.071088403266970746e-01,6.207631018603594342e-01,-4.272947667944443362e-02,-5.151626384160493816e-02,-5.809960838750235362e-02,1.656758389056412276e-02,5.607999712075795694e-03,3.840281067094904362e-04,1.066441573890106187e-02,1.217257917716787563e-03,-2.106721850991073383e-05,8.044911082194471357e-04,-4.170010411445785898e-04,-2.140174993904250898e-03,-2.055733501299285629e-02,-1.351677453849587512e-02
7.577132486388385435e-02,5.022165645398299350e-02,3.286249494776878333e+00,1.220400686828196218e-01,1.251617145507524509e-01,6.970390893091945594e-01,1.385228749562784391e-02,9.981851179673320584e-02,-2.334096637464225310e+01,-8.110894043931939912e-01,-1.355647141270189815e+00,-7.349172626755917648e-02,-8.471365016469624143e-01,2.146279233383044105e-01,4.568713193441384934e-01,6.472892504761094123e-01,-6.250524708476334901e-01,-4.168812518057546379e-01,-8.958698699099043594e-02,4.248406179780711556e-01,-1.492036788796650415e-01,2.504806198787821753e-04,9.398839003768565950e-04,7.556684188141878956e-04,1.934864630274307686e-03,5.341423753884832343e-02,3.430959003221837646e-03,1.001582088529988238e-03,3.733879290790112970e-04,4.000968642562531107e-04,4.398492502490217236e-04,2.600018618415820670e-03,1.257987438994797886e-03,1.445714784993865944e-02,-2.087114337568057865e-02,-6.241173378974887442e-02,6.521262471434541297e-02,-3.273982026028569858e-02,-3.078246255479130666e-02,-5.510333424810539560e-01,6.053789073860837977e-03,-2.722323049001815209e-02,-1.819654814164355372e+00,-6.466034847508688177e-01,-1.342453447363604502e+00,1.016254544505015733e+00,-7.102229990034780727e-02,7.006509126971416368e-01,2.675907045348118185e-01,-6.885625866713165344e-01,-3.964586129067184106e-01,-2.485521508747214336e-01,6.434220848151823713e-01,-1.520683455275112506e-01,1.287876113562903269e-01,-2.277650450899443638e-03,-7.512052442055379246e-03,-2.960977675470181925e-02,-6.374361359040110406e-03,5.075655498938559662e-02,-8.258725227351011028e-03,-2.081257364102420508e-03,-6.878240043864937382e-04,-1.563099823658238271e-03,-2.828171246090250700e-04,1.520177005008515464e-03,4.943755693381265796e-04,6.347204965685705400e-03
7.168784029038112460e-02,4.570697578177724402e-02,3.279666728913593676e+00,1.354277102097619923e-01,1.616944511031866982e-01,3.763745143995991249e-01,1.172436043776679641e-02,9.255898366606170324e-02,-2.386051222202467770e+01,-1.183024329108949724e+00,-7.496380216180542622e-01,5.240851550320420049e-01,-1.311192450183795488e+00,3.040560121201701937e-02,8.135278916072855582e-01,6.733272718029367221e-01,-1.065439219557726414e-01,-5.766171033466540585e-01,-6.084945077177310591e-01,6.563056778950024928e-01,-5.098826982951919912e-02,6.317031210322055857e-04,9.524023163386109931e-04,1.212694013253457197e-03,4.998043478342639560e-03,5.120818166900600182e-03,5.393216240619519040e-04,1.016065623308751425e-03,1.433263734842036771e-03,9.455470935180943155e-05,3.567697744477576257e-03,1.491845586158385348e-02,8.642187380250425941e-04,3.971474817324161487e-03,-4.083484573502729753e-03,-4.514680672205749479e-03,-6.582765863284656405e-03,1.338764152694237042e-02,3.653273655243424733e-02,-3.206645749095954345e-01,-2.127927057861047494e-03,-7.259528130671502599e-03,-5.195458473824245971e-01,-3.719349247157557325e-01,6.060091196521355528e-01,5.975768812996011814e-01,-4.640559485368330739e-01,-1.842223221262873911e-01,3.566565722631470647e-01,2.603802132682730974e-02,5.185085488918608210e-01,-1.597358515408994206e-01,-5.189075207267406231e-01,2.314650599169313372e-01,9.821540905014583545e-02,3.812225011534234103e-04,1.251841596175439809e-05,4.570255944392693018e-04,3.063178848068331874e-03,-4.829341937194772671e-02,-2.891637379159885633e-03,1.448353477876318691e-05,1.059875805763025366e-03,-3.055421549044436656e-04,3.127848494228554696e-03,1.231843724316803237e-02,-3.937687009697552918e-04,-1.048567303261449882e-02
6.760435571687840872e-02,5.819973485728818091e-02,3.159051412078496934e+00,1.268814602256024271e-01,1.629476545861469616e-01,2.472784795715249617e-01,9.385090901222331583e-03,7.894736842105262720e-02,-2.275955001742053341e+01,-1.089119327507784174e+00,-9.855555312088704056e-01,1.154470937005241726e+00,-8.766621980972812977e-01,-2.709587395802895982e-01,2.292037104825090377e-01,8.694054549532040377e-02,5.157304374983701090e-01,-6.163230145113958447e-02,-7.487296980504007937e-01,1.232547991404435855e-01,9.753777045485068076e-02,2.371161414910046526e-03,4.863697398508389641e-03,7.825772362662464232e-03,1.859150357295847374e-03,1.089983755441280375e-03,1.404814918391215396e-03,4.123504195904599025e-03,5.306059014770275403e-03,2.643342818187637347e-02,5.064218640600014545e-03,2.923972906686872660e-03,1.681262918175400935e-03,6.624042359586876025e-03,-4.083484573502715875e-03,1.249275907551093689e-02,-1.206153168350967420e-01,-8.546249984159565161e-03,1.253203482960263404e-03,-1.290960348280741632e-01,-2.339269536544464831e-03,-1.361161524500907605e-02,1.100962204604144290e+00,9.390500160116554973e-02,-2.359175095908161435e-01,6.303857819731997214e-01,4.345302520865141904e-01,-3.013643407923066175e-01,-5.843241811247765760e-01,-5.863867263076163461e-01,6.222743594541427781e-01,5.149848018955144324e-01,-1.402351903326697347e-01,-5.330508787545589211e-01,1.485260402843698868e-01,1.739458293877841049e-03,3.911295082169778323e-03,6.613078349409006601e-03,-3.138893121046792186e-03,-4.030834411459320241e-03,8.654932943292634922e-04,3.107438572595847600e-03,3.872795279928238632e-03,2.633887347252456337e-02,1.496520896122438288e-03,-1.199448295489698169e-02,8.170441801503583413e-04,2.652567542262714538e-03
7.304900181488203914e-02,1.165172004490616781e-01,3.193136107962114778e+00,1.000230969955829829e-01,1.064612718565243893e-01,2.245838079771598772e-01,9.711549448049956387e-03,7.803992740471869805e-02,-2.335919377261792462e+01,-2.292869617633995993e+00,-1.227334732921122162e+00,1.336284081973613702e+00,-5.030253921410124951e-01,-1.824241489942521055e-01,3.245597349656993980e-01,-2.170698037412115977e-01,4.153289916066935650e-01,2.970452596241830445e-01,-4.542538397413783402e-01,-2.967147432098973248e-01,1.976559230321529026e-01,4.510284280882278195e-03,3.078701435326145234e-04,6.578045237432648008e-04,3.252570137874998078e-04,2.294161424276448737e-04,1.082477109657978623e-02,8.120956124651830879e-03,4.364702779113274755e-02,4.337285546228710994e-04,5.797570870933702481e-04,1.753658868990257830e-02,9.661890104895653813e-04,1.214778357440026921e-02,5.444646098003630419e-03,5.831746559177349715e-02,3.408469588361784375e-02,-2.685836323001944415e-02,-5.648638272962257234e-02,-2.269467159436508452e-02,3.264585468276248043e-04,-9.074410163339291513e-04,-5.996437551973912150e-01,-1.203750290126211819e+00,-2.417792017122517567e-01,1.818131449683719758e-01,3.736368059562688027e-01,8.853459058603749265e-02,9.535602448319036029e-02,-3.040103492365320292e-01,-1.004014458916765440e-01,3.586775610753226151e-01,2.944758583090224535e-01,-4.199695423503408964e-01,1.001181525773022218e-01,2.139122865972231669e-03,-4.555827254975775009e-03,-7.167967838919199648e-03,-1.533893343508347567e-03,-8.605676130136355288e-04,9.419956178188571699e-03,3.997451928747231854e-03,3.834096877636247042e-02,-2.599969962725350373e-02,-4.484461553506644514e-03,1.461261578321570651e-02,-7.150739076858355541e-04,5.523741214813393183e-03
8.756805807622504434e-02,4.878963704507359445e-02,3.282522657316020442e+00,1.278761430953756495e-01,1.229571004464149603e-01,7.578075539833080132e-01,1.780831484894597819e-02,1.161524500907440971e-01,-2.471106996117715582e+01,-3.133413499969520011e+00,-8.744880276604284353e-01,4.343578129389097375e-01,-8.956829319730268413e-01,-5.248740357541596957e-01,-4.929396207728314883e-01,-1.697638033339553265e-01,1.567325915534915071e-01,4.809287658543415223e-01,6.557891730141456321e-01,-3.018213514298995204e-02,-5.661355733322266381e-01,1.010309923828747476e-03,5.365687936358919281e-03,6.189852289280763217e-04,2.443384179403238193e-04,8.288898120559540922e-03,1.036706159791972058e-03,4.677424703543477287e-03,2.442386619784451141e-03,1.953486747752708160e-04,8.923335185161579766e-03,6.205992839306941674e-04,2.327235604737556019e-03,2.983717937833468316e-03,1.451905626134300520e-02,-6.772756340398808361e-02,8.938654935390566436e-02,2.785304609979266655e-02,1.649582858989057099e-02,5.332237460061481915e-01,8.096765400896021800e-03,3.811252268602539905e-02,-1.351876188559231196e+00,-8.405438823355240174e-01,3.528467052606937271e-01,-9.019262690347039646e-01,-3.926575398320143462e-01,-3.424498867599076180e-01,-8.174993557385308307e-01,4.730600040725627120e-02,-2.585964000532020579e-01,1.838835062301584777e-01,1.110043012755523861e+00,2.665326080669073727e-01,-7.637914963643794852e-01,-3.499974357053530719e-03,5.057817792826304650e-03,-3.881929481518847907e-05,-8.091859584717598849e-05,8.059481978131895208e-03,-9.788064936787814821e-03,-3.443531421108353592e-03,-4.120464117134829685e-02,-2.383798798476002834e-04,8.343578098068208868e-03,-1.691598940597188391e-02,1.361046594247990529e-03,-9.164065636566801759e-03
9.482758620689654694e-02,2.285734772299126416e-02,3.235244394314365390e+00,1.387758208687669137e-01,1.397808138474713746e-01,1.063245157755261072e+00,5.934835879622875690e-03,1.197822141560798553e-01,-2.449424291728088221e+01,-1.479551541921491964e+00,-2.022254718794597173e-01,-1.976188028084032156e-01,-3.185912531805841219e-01,-1.402143043077726803e-01,-8.957319246083097486e-01,-2.256867013815093415e-01,1.825911657459172721e-02,8.616865882553816913e-01,3.609770892282262444e-01,2.089487225428159067e-02,-5.005326830442269337e-01,1.096359038148310774e-03,2.356077919545250261e-04,4.805976899868846645e-04,8.589168302063000153e-04,1.997186052808306092e-03,1.815164232971140505e-04,5.024437553166664037e-03,3.353079063686742532e-04,2.809628936611939260e-04,1.548774581947164400e-02,1.276356791286837027e-03,7.504128804288466873e-04,4.167215059154297935e-03,7.259528130671502599e-03,-2.593228932208233029e-02,-4.727826300165505202e-02,1.089967777339126420e-02,1.682371340105641433e-02,3.054376037719530590e-01,-1.187347896932310250e-02,3.629764065335758239e-03,2.168270438962736080e-01,1.653861958048028047e+00,6.722625557809687180e-01,-6.319766157473130086e-01,5.770916787924427194e-01,3.846597314463869877e-01,-4.027923038354782603e-01,-5.592289804755401494e-02,-1.384734749788997799e-01,3.807578224010401691e-01,-2.948120837859193877e-01,5.107700739727154271e-02,6.560289028799970446e-02,8.604911431956329890e-05,-5.130080144404394228e-03,-1.383875389411916572e-04,6.145784122659761961e-04,-6.291712067751234830e-03,-8.551897364948580615e-04,3.470128496231867504e-04,-2.107078713415777051e-03,8.561421888592311001e-05,6.564410634310064233e-03,6.557575073561428599e-04,-1.576822724308709223e-03,1.183497121320829619e-03
3.675136116152449839e-02,3.509886325158559622e-03,3.309013327228370827e+00,1.276566161013103495e-01,1.811485883125971419e-01,3.330264680271275424e-01,1.412665145929360364e-02,6.715063520871143721e-02,-2.607954339668716415e+01,8.377377925097848621e-01,-2.768715486390820324e-01,2.171406916113371305e-02,-6.587333380114599457e-01,-7.415921002544576535e-01,-8.839463754392425932e-01,3.472002264408680788e-02,3.047959092042414331e-01,1.047155890538169487e+00,2.685332410244040124e-01,-1.372559803277835777e-01,-1.933124420142474931e-01,2.959462736031744177e-03,1.162328554538264065e-03,1.549056178346988697e-03,3.943795921386920693e-04,9.424462719187261597e-03,2.470342383795010466e-03,1.429442189916084547e-03,1.310805622312841623e-03,3.512385271793322036e-03,8.821405456949429902e-02,8.909999966002878080e-02,4.252252456565163916e-03,3.205925273760354410e-02,-5.807622504537204855e-02,-1.934746139783270411e-02,7.376893291400543617e-02,-1.111920476745656416e-02,4.136777446512576728e-02,-7.302186897281335298e-01,8.191815579670727945e-03,-5.263157894736841813e-02,-1.585300479406281937e+00,2.317289334431277048e+00,-7.464607675962231514e-02,2.193328719695369355e-01,-3.401420848308758238e-01,-6.013777959466849454e-01,1.178554916906715544e-02,2.604067240255961702e-01,2.865367926296497059e-01,1.854693022827877957e-01,-9.244384820382223200e-02,-1.581508525820651823e-01,3.072202410299794684e-01,1.863103697883433402e-03,9.267207625837390120e-04,1.068458488360104087e-03,-4.645372380676079460e-04,7.427276666378955505e-03,2.288825960497896470e-03,-3.594995363250579491e-03,9.754977159441673151e-04,3.231422378132128327e-03,7.272630875002265849e-02,8.782364286874194681e-02,3.501839576136317120e-03,2.789203767844924617e-02
5.172413793103448204e-02,1.029100555970409274e-02,2.873105941559351173e+00,1.084710621200925401e-01,1.003262391671746190e-01,1.045369810204953565e+00,1.090706978221392918e-02,1.243194192377495427e-01,-2.508383098951828671e+01,2.485077471305479624e-01,7.459381679803422927e-01,-4.879581031761862642e-01,-4.945746132819373031e-01,-8.269449830790900346e-01,-9.669141942933086042e-01,2.993115017662354438e-01,5.611089295841812374e-01,9.475633728258278099e-01,-3.754205697713383083e-01,-2.271185923114295846e-01,-1.124628612602199401e-01,4.320942545080267740e-03,1.261685247664715579e-03,1.322382329483877015e-03,4.338963152648143301e-04,8.955615590292633236e-04,2.770676123766659810e-02,8.906347345890234645e-04,6.498741698147634258e-04,8.687156173842186654e-04,8.165734928785587515e-03,7.676757019406214855e-02,2.163115093631675159e-02,2.135114048115867302e-02,1.497277676950998365e-02,6.781119234545532684e-03,-4.359073856690196536e-01,-1.918555398121780942e-02,-8.082234914542252291e-02,7.123433421778260222e-01,-3.219581677079674450e-03,5.716878402903810552e-02,9.957124071688774336e-01,-5.892300453792369552e-01,1.022809716619424325e+00,-5.096721723373199842e-01,1.641587247295226426e-01,-8.535288282463238119e-02,-8.296781885406601109e-02,2.645914791221486428e-01,2.563130203799398044e-01,-9.959251771234167716e-02,-6.439538107957423207e-01,-8.986261198364600689e-02,8.084958075402755295e-02,1.361479809048523563e-03,9.935669312645151359e-05,-2.266738488631116818e-04,3.951672312612226077e-05,-8.528901160157998165e-03,2.523641885387158806e-02,-5.388074553270610825e-04,-6.609314524980781968e-04,-2.643669654409103262e-03,-8.004831964070871497e-02,-1.233242946596663225e-02,1.737889847975158941e-02,-1.070811225644487108e-02
8.348457350272232846e-02,1.281813273995086912e-02,3.277376661252408674e+00,1.498804151883926794e-01,1.245994044765268288e-01,1.151535701250010035e+00,1.376604430568174366e-02,1.288566243194192440e-01,-2.637088131447396933e+01,-8.305475704365170575e-01,4.447714040284692638e-01,-4.039717089806356132e-01,2.551510889683021310e-01,-8.758254003673693333e-01,-6.799784569182170113e-01,1.669028763380147051e-01,7.493476652879716982e-01,1.161711016285120301e+00,-3.032252178699244571e-01,-2.616967157444398118e-01,-3.832245673322620672e-01,1.499305539590827787e-03,1.098187130864681946e-04,6.137471420042752996e-04,4.348078045700658168e-05,2.653650242830378112e-04,4.561764182686388856e-03,2.962743371501377941e-04,1.416904619278918319e-04,9.395454128876804326e-03,6.577725109257578006e-04,3.853125573827572477e-03,8.833542198680228996e-02,2.402454838909553678e-02,3.176043557168784642e-02,2.527127180246776378e-03,4.042707196930575009e-01,4.140935306830013929e-02,2.427316530935220984e-02,1.061658910450564708e-01,2.858974523467814471e-03,4.537205081669701268e-03,-1.287050324955682612e+00,-1.079055317567064964e+00,-3.011667639518730288e-01,8.398639419555065100e-02,7.497257022502394896e-01,-4.888041728827929866e-02,2.869357373750915929e-01,-1.324086254282207387e-01,1.882387357037904607e-01,2.141476434592924916e-01,7.219535190141385117e-02,-3.457812343301022717e-02,-2.707617060720421409e-01,-2.821637005489439735e-03,-1.151866534578247425e-03,-7.086351874796017157e-04,-3.904155348078077619e-04,-6.301965347462255666e-04,-2.314499705498020837e-02,-5.943603974388856704e-04,-5.081837078868715668e-04,8.526738511492585118e-03,-7.507962417859830040e-03,-7.291444462023458084e-02,6.670427105048554184e-02,2.673407907936863753e-03
2.313974591651542581e-02,3.283751644261072994e-03,3.204432090025866486e+00,1.164220012816234856e-01,1.522309581273274537e-01,2.874937191479830512e-01,1.996356928535688788e-02,3.629764065335753381e-02,-2.692578702715802663e+01,1.452800943832673886e+00,2.582652215111484739e-02,-7.512203352340646179e-01,-5.384414210465244821e-01,-1.115593517817445202e+00,-3.863871181661714949e-01,4.051276073541009715e-01,5.920027895871822210e-01,2.044061644414232604e-01,-5.884025781343407147e-01,7.452171354834399852e-02,-3.863344782757045515e-01,1.494369397758100459e-01,8.733000514368875061e-03,1.098275139617911319e-03,1.238527952761014515e-03,1.717156758853501802e-03,2.233949322058248390e-03,1.413336272116655660e-03,3.147256197954204104e-04,1.667678944017920604e-03,2.586355326831101063e-03,9.413508650820627544e-03,5.016923031850072101e-02,4.145908968115940424e-02,-6.034482758620690612e-02,-9.534381095689796123e-03,-7.294457122654218750e-02,-3.345841390676919380e-02,2.763155365080062487e-02,-8.640419821020269842e-01,6.197524979675144222e-03,-9.255898366606171712e-02,-5.549057126840573062e-01,2.283348514269190943e+00,-4.189448818773544025e-01,-3.472486262534290047e-01,-7.935925100148266687e-01,-2.397681174500758683e-01,2.935913387520455164e-01,2.382247310160862663e-01,-1.573448757007894772e-01,-9.573048518436970689e-01,-2.851773602644162575e-01,3.362184292927837825e-01,-3.109910943442484310e-03,1.479376342362192231e-01,8.623181801282407341e-03,4.845279976136360189e-04,1.195047172304007947e-03,1.451791734570463937e-03,-2.327814860628140466e-03,1.117061934966517758e-03,1.730351578675285785e-04,-7.727775184858883505e-03,1.928582815905343154e-03,5.560383076993054632e-03,-3.816619166830156895e-02,1.743454129206386746e-02
7.032667876588022393e-02,1.572994637692419571e-03,3.209620181706474007e+00,1.611540199689852071e-01,1.628288025174109144e-01,1.168904561358913297e+00,1.570849134837441416e-02,1.451905626134301353e-01,-2.734849389546601017e+01,-1.651446305534575720e-01,-1.639661188063325503e-01,-8.120082122192022744e-01,-1.441552557643271670e-01,-1.186963850343531135e+00,3.333360761657604143e-02,9.786674571334954553e-01,4.556306917556608438e-01,3.899030469609230526e-02,-6.722565947208237747e-01,1.442013729490725926e-01,-1.227635939518705310e-01,2.813323084013609129e-02,6.641403518346529478e-02,4.941058171812381071e-03,9.878884123988708292e-04,4.173567089828161608e-04,6.550466262503883662e-03,9.899294914196810589e-04,8.201319598386230640e-04,5.799467725236307630e-03,9.607647062839852004e-04,3.937349929776919229e-03,1.151453532495839939e-03,1.848794538645827379e-02,4.718693284936480159e-02,-1.710757006568653423e-03,5.188091680607520573e-03,4.473201868736172149e-02,1.059784439008346069e-02,8.814108422109302454e-01,-4.255077936982473719e-03,1.088929219600726084e-01,-4.227068683079835409e-01,-1.617945574386131513e+00,-1.897926409574474116e-01,-6.078787698513765658e-02,3.942861652821972873e-01,-7.137033252608593337e-02,4.197207257827475502e-01,5.735398497793944284e-01,-1.363720978315213772e-01,-1.654158597453309620e-01,-8.385401658648306000e-02,6.967965940072859410e-02,2.635708843238340204e-01,-1.213037089356739512e-01,5.768103466909642318e-02,3.842783032194469969e-03,-2.506395403621436858e-04,-1.299800049870685533e-03,4.316516940445635706e-03,-4.234067806969746012e-04,5.054063400432027078e-04,4.131788781218386809e-03,-1.625590620547115971e-03,-5.476158721043708315e-03,-4.901777678600487825e-02,-2.297114429470113045e-02
7.304900181488203914e-02,1.349877110204017764e-03,2.574363437562304568e+00,1.402947794864055076e-01,1.392128104556509260e-01,1.107304787468708307e+00,7.077047660414574094e-03,1.306715063520871023e-01,-2.801867311081270984e+01,-3.331327120139290776e-01,-1.351011936146168102e-01,-5.373579705147377705e-01,1.909039334218514544e-02,-5.144861791337584922e-01,6.908885945755761926e-02,1.163809065202816573e+00,-1.869703289588380835e-01,-2.982986918383525032e-01,-6.109734155636268316e-01,1.833954111268329690e-01,-7.047105587327170961e-04,3.817263732250776717e-04,4.007080097799801781e-03,2.939829487212219927e-02,1.051863580269406760e-02,1.722959941849092676e-03,2.538745001573723334e-02,3.365319944450033884e-04,4.454677976627760636e-04,1.073989869315884055e-03,1.437733082650918186e-04,8.370583469461469498e-04,3.862950637100668856e-04,9.902352956282845994e-03,2.722323049001815209e-03,-2.231175274884018064e-04,-6.352567441441694385e-01,-2.085924048257969954e-02,-2.361599206175998833e-02,-6.159977389020498961e-02,-8.631443687959840932e-03,-1.451905626134303295e-02,-6.701792153466996638e-01,-1.679880814604715056e-01,2.886492519171574012e-02,2.746502417044645039e-01,1.632456491065123194e-01,6.724776712097726428e-01,3.575525184098157783e-02,1.851416080693211175e-01,-6.426010207144989828e-01,-3.372889965344448293e-01,6.128317915719694309e-02,3.919403817776037635e-02,1.220588833931378070e-01,-2.775150446691101308e-02,-6.240695508566549560e-02,2.445723670030981733e-02,9.530747390295196339e-03,1.305603232866276407e-03,1.883698375323334881e-02,-6.533974969746776705e-04,-3.746641621758470004e-04,-4.725477855920423575e-03,-8.169913980188934360e-04,-3.100291582830772170e-03,-7.651584687857730530e-04,-8.585592430175427794e-03
5.852994555353902006e-02,6.344594132134853248e-05,3.247045869393236472e+00,1.337634393395984445e-01,1.674032243610280579e-01,4.371675037343903947e-01,9.973085638955828808e-03,8.076225045372051325e-02,-3.033410037473744580e+01,1.338934108365417597e+00,-7.512584278259737403e-01,-1.588711613142898826e-01,-3.223191692642820433e-02,1.966257619341621743e-01,-1.358689972997366990e-01,6.365631547683256453e-02,-2.420594823078723312e-01,-2.521163576645973903e-01,-1.041429249697277404e-01,-8.645276167071444529e-02,-2.446979327323025311e-01,5.979338697931686243e-03,9.885357006219088610e-03,1.188366237206341450e-02,3.856487179622817511e-03,1.050072016225185069e-02,8.140614421198268114e-03,1.034471753959472461e-02,2.080670035958049821e-02,3.485606455742289861e-03,1.518198432183152230e-02,3.541042429585298645e-03,3.161116387385542320e-03,5.174200858512788097e-03,-1.451905626134301908e-02,-1.286431168882669340e-03,6.726824318309319040e-01,-6.531340146807063096e-03,2.819041390537713188e-02,-6.701372837343179123e-01,2.896037978541254714e-03,-4.990925589836658904e-02,-2.315427263924735968e+00,1.672066820379346730e+00,-6.161572342113569301e-01,3.784868092004478601e-01,-5.132231026861334977e-02,7.111119410679206387e-01,-2.049578567572943322e-01,-1.100152749725983981e+00,-5.508915334903424776e-02,4.618233417375511296e-02,5.068304905938990634e-01,-2.698481727975474143e-01,-2.439932221735698070e-01,5.597612324706608897e-03,5.878276908419286829e-03,-1.751463250005878478e-02,-6.662148623071250525e-03,8.777760220402757579e-03,-1.724683559453896523e-02,1.000818554514972154e-02,2.036123256191772063e-02,2.411616586426405806e-03,1.503821101356643021e-02,2.703984082639151586e-03,2.774821323675475543e-03,-4.728152097770057898e-03
8.030852994555354174e-02,4.301660551225383166e-05,3.193058597195364889e+00,1.394083224907050889e-01,1.581791422990920515e-01,6.155296959575191629e-01,3.916048840103800860e-03,1.025408348457350211e-01,-3.062021224900614058e+01,9.702317482792465198e-01,-2.695302609555819129e-01,2.776586117776055906e-01,-5.644870102098276110e-01,2.901059745023677472e-01,-1.726897363780881267e-02,-5.616441469203914405e-02,3.522161179860872765e-02,-1.547753080044818041e-01,2.463442314201367556e-01,4.654672392881262777e-01,-1.174181388723845587e-01,1.083039835355541040e-02,4.230924091772749612e-03,9.883664394327140723e-03,1.065410729404348521e-02,1.179545296362362675e-02,1.240565183547784507e-02,1.670949815203347580e-02,5.622215115189422088e-03,7.260202818537142035e-03,6.585240919321196443e-03,1.705720555771088331e-02,4.440998751729886493e-03,4.152800396836911316e-03,2.177858439201452168e-02,-2.042933580909470082e-05,-5.398727219787158305e-02,5.644883151106644403e-03,-9.224082061936006438e-03,1.783621922231287682e-01,-6.057036798852027948e-03,2.177858439201450780e-02,-2.861118742686947769e-01,-3.687023600861710770e-01,4.817281668703918274e-01,4.365297730918954455e-01,-5.322550932833993720e-01,9.348021256820557290e-02,1.186000236619278864e-01,-1.198207301688717086e-01,2.772810941064810519e-01,9.734104966011558613e-02,3.504871563898644959e-01,5.519200009588407507e-01,1.272797938599179723e-01,4.851059655623724161e-03,-5.654432914446338998e-03,-1.999997977736273774e-03,6.797620114420668130e-03,1.294732801371776057e-03,4.265037414279576958e-03,6.364780612438751192e-03,-1.518448524439107612e-02,3.774596362794852174e-03,-8.596743402510325857e-03,1.351616312812558424e-02,1.279882364344344173e-03,-1.021400461675876781e-03
7.803992740471869805e-02,2.604227377743071429e-05,3.295086617295687414e+00,1.348829208331367435e-01,1.525332969374437186e-01,6.121797399891556468e-01,3.093384791147186196e-03,9.981851179673320584e-02,-3.111778028560253162e+01,1.111344788844233156e+00,-5.684122055167342147e-01,3.463045394489825402e-01,-3.107954644611262141e-01,1.369872692177298013e-01,2.950190127878233315e-01,-1.875846273154560540e-02,3.194567920317321619e-01,2.149602376646955748e-01,1.794082136150629281e-01,-1.811162913319629142e-01,6.166176307552151403e-02,1.051083199315032239e-02,3.243433008913832773e-03,1.204916349049411223e-02,7.391994042390741780e-03,1.851520219052232852e-02,1.123318681842285990e-02,2.449674535513469975e-02,9.233315162781483357e-03,3.071634725072701702e-03,7.018855966430612679e-03,1.367920318453018716e-02,1.553052575796104104e-02,5.926172024919131379e-03,-2.268602540834843695e-03,-1.697433173482311737e-05,1.020280201003225251e-01,-4.525401657568345337e-03,-5.645845361648332839e-03,-3.349955968363516057e-03,-8.226640489566146644e-04,-2.722323049001815209e-03,-4.975680365963910390e-01,1.411130405649866359e-01,-2.988819445611523018e-01,6.864592767137694951e-02,2.536915457487013970e-01,-1.531187052846379459e-01,3.122879864256321580e-01,3.740595196049353865e-02,2.842351802331234412e-01,3.697355456691773790e-01,-6.693601780507382748e-02,-6.465835306200892196e-01,1.790799019479060727e-01,-3.195663604050880124e-04,-9.874910828589168396e-04,2.165499096166971504e-03,-3.262113251652743427e-03,6.719749226898701772e-03,-1.172465017054985167e-03,7.787247203101223952e-03,3.611100047592061268e-03,-4.188568093464440333e-03,4.336150471094162365e-04,-3.378002373180696155e-03,1.108952700623115455e-02,1.773371628082220063e-03
8.620689655172414367e-02,2.328447038416722774e-05,3.254375934122099245e+00,1.367508613209814372e-01,1.509519316069740658e-01,7.280444313829790293e-01,2.345870952430845029e-03,1.215970961887477275e-01,-3.131170426015837194e+01,1.590613233667853343e+00,-2.132360165327919221e-01,-5.018896282436250723e-03,-1.051933498191400251e-01,-1.177428034474759244e-01,-2.335618475736860739e-03,-8.979129243823226469e-02,-2.169955728226698466e-01,1.045990373127270723e-01,1.175001202876995721e-01,-1.326783125699686761e-01,-1.360158919371003416e-01,1.613818883608674620e-02,1.005421089478283339e-03,2.610610913081245349e-02,1.285176995092861263e-02,6.474403074827332800e-03,6.026281653986589361e-03,3.670457036429766728e-02,8.835919337758577422e-03,8.893861390095637517e-03,1.407019924516559641e-02,1.614861397667155182e-02,1.583003380400271323e-03,9.807001903825435588e-03,8.166969147005445628e-03,-2.757803393263486550e-06,-4.071068317358816913e-02,1.867940487844693687e-03,-1.581365330469652886e-03,1.158646913938233824e-01,-7.475138387163411668e-04,2.177858439201452168e-02,-1.939239745558403172e-01,4.792684448236201877e-01,3.551761889839423203e-01,-3.513234357314187761e-01,2.056021146419861889e-01,-2.547300726652057534e-01,-2.973546312635602096e-01,-7.103282970668665930e-02,-5.364523648544019530e-01,-1.103612003519685025e-01,-6.190809332736335602e-02,4.843797876199423813e-02,-1.976776550126218557e-01,5.627356842936423811e-03,-2.238011919435549217e-03,1.405694564031834126e-02,5.459775908537870849e-03,-1.204079911569499658e-02,-5.206905164436270543e-03,1.220782500916296753e-02,-3.973958250229059352e-04,5.822226665022935815e-03,7.051343278734983726e-03,2.469410792141364663e-03,-1.394752237756076950e-02,3.880829878906304209e-03
9.346642468239564627e-02,2.184735442899579194e-05,3.243470740485208559e+00,1.613067249085229360e-01,1.622688870609686751e-01,1.015521316753985381e+00,2.195199347119741046e-03,1.724137931034482873e-01,-3.133122341945426825e+01,1.137088691953644926e+00,-7.634109017051980695e-02,3.489604797448474238e-02,-1.578317558362623552e-01,1.055598075403907654e-01,9.328753091920638507e-02,-4.726811704178435214e-02,-1.439616426528543547e-02,2.220510886210485535e-01,2.062609025339522950e-01,-4.318798040393219406e-02,-1.204649105551074267e-01,4.916741345420460110e-03,6.921127302526779677e-03,4.891731253679445363e-02,7.010994442464238419e-03,1.107423797122722951e-02,4.834481046000186147e-03,2.784645998081265728e-02,1.299997143394538432e-03,8.988896866724655280e-03,7.313408684998912168e-03,2.738350024391216636e-02,7.532925195974106945e-03,1.334078438341949717e-02,7.259528130671502599e-03,-1.437115955171435800e-06,-1.090519363689068655e-02,2.455586358754149878e-02,1.131695545399460934e-02,2.874768853710063521e-01,-1.506716053111039830e-04,5.081669691470055983e-02,-1.951915929589631560e-02,-4.535245417142084179e-01,1.368949263622721291e-01,3.991494425692099224e-02,-5.263840601712233003e-02,2.233026109878666898e-01,9.562314939494324928e-02,4.252317539644791256e-02,2.025994085573843972e-01,1.174520513083214812e-01,8.876078224625272295e-02,8.949033216603648200e-02,1.555098138199291491e-02,-1.122144749066628609e-02,5.915706213048496122e-03,2.281120340598200014e-02,-5.840775508464374211e-03,4.599834896399896712e-03,-1.191800607986403214e-03,-8.858110383485010009e-03,-7.535922194364039206e-03,9.503547662901776216e-05,-6.756790560166684237e-03,1.123488626724061454e-02,5.949921815573835406e-03,3.533782479594061582e-03
1.724137931034482873e-01,3.506878058760958883e-05,3.265494490469152744e+00,2.058721384563798329e-01,1.570167929507439164e-01,1.909424616653766726e+00,2.331458950551643268e-03,3.248638838475498836e-01,-3.138522539383564691e+01,8.344856920395766764e-01,3.658344937788892692e-01,6.407755428735269210e-02,-1.855793800307663916e-02,-4.237939539148141144e-01,-1.328227498728666855e-01,-1.333139720914611193e-01,1.919933598351101223e-01,4.937303181236705751e-01,-9.013015252055173177e-02,-1.973901819835322674e-02,8.705942935614865985e-02,7.928196419047638804e-03,1.845811854582560902e-03,5.758034849153180479e-03,3.757386995729427442e-03,4.176585332035500676e-03,4.045221027277362547e-03,3.346491993886584193e-02,3.267152061244886496e-03,1.513597493022240427e-02,7.699434556371508552e-03,9.252581948692049571e-03,5.140239850215526027e-03,8.267864441301314704e-03,7.894736842105264107e-02,1.322142615861379689e-05,2.202374998394418526e-02,4.456541354785689690e-02,-5.252094110224758694e-03,8.939032998997813451e-01,1.362596034319022223e-04,1.524500907441015962e-01,-5.400197438137865902e-02,-3.026029999140682492e-01,4.421755839494090901e-01,2.918150631286794972e-02,1.392738178331857091e-01,-5.293537614552048520e-01,-2.261102807920730706e-01,-8.604585504967676712e-02,2.063895241003955716e-01,2.716792295026220216e-01,-2.963910550545040268e-01,2.344896220557896732e-02,2.075243399112560727e-01,3.011455073627178694e-03,-5.075315447944218558e-03,-4.315927768764127315e-02,-3.253607446734810976e-03,-6.897652639191728836e-03,-7.892600187228236003e-04,5.618459958053184655e-03,1.967154917850348281e-03,6.147078063497748990e-03,3.860258713725963839e-04,-1.813091829522011506e-02,-2.392685345758580918e-03,-5.072919942118182465e-03
8.756805807622504434e-02,2.030740082867903560e-05,3.187586034069748386e+00,1.563676381141843319e-01,1.659164184332231617e-01,7.516714656986221987e-01,3.197681433851982946e-03,1.252268602540834719e-01,-3.183228626254881988e+01,1.545604600493667657e+00,2.162553505394612385e-01,5.424864474685222593e-01,-1.750490382722407270e-02,-4.132984655065116003e-02,1.679349072902218964e-01,-1.034571277742595552e-01,-2.677259278229547901e-01,5.585978112670000884e-02,2.065743628709343915e-01,1.104525158490768377e-01,1.460718164811521946e-01,2.296687392471464129e-03,1.281419239488945389e-03,2.944475414024724444e-02,1.231384667002302820e-02,2.167795981328637239e-02,2.581486816133740994e-02,2.936135940871938133e-02,2.674504400496854721e-03,3.357937339524612059e-03,4.125133599440666821e-02,3.127847917518025017e-02,3.009863139749578004e-03,1.375841787364541838e-02,-8.484573502722324301e-02,-1.476137975893055323e-05,-7.790845639940435774e-02,-4.950450034219550099e-02,8.899625482479245342e-03,-1.157753150955144417e+00,8.662224833003396782e-04,-1.996370235934664117e-01,-4.470608687131729653e-01,7.111189084540909811e-01,-1.495791432394280307e-01,4.784088931811695811e-01,1.053034175852566451e-03,3.824641073641629752e-01,3.007576571630885542e-01,2.985684431720156407e-02,-4.597192876580649123e-01,-4.378705369969705385e-01,2.967045153914861233e-01,1.301915340474300575e-01,5.901238712500353478e-02,-5.631509026576175109e-03,-5.643926150936155132e-04,2.368671929109406396e-02,8.556459674293600756e-03,1.750137448125087258e-02,2.176964713406004739e-02,-4.103560530146460605e-03,-5.926476607480317751e-04,-1.177803759069779264e-02,3.355190143803515879e-02,2.202589722648819887e-02,-2.130376710465948023e-03,5.490553432344103674e-03
1.324863883847549884e-01,8.421584169905396689e-05,3.217951283769477033e+00,1.894007856174768911e-01,1.603927418795315640e-01,1.506870424384276097e+00,2.332407232065787477e-03,3.384754990925589735e-01,-2.994004679657714618e+01,8.859297121128331121e-01,4.831591845858111689e-02,5.916965174632484725e-01,2.637570163463962558e-01,-2.490616833809802533e-01,-3.184640854158159451e-01,-4.980990063929539857e-03,-5.037937421206156730e-01,-1.257556280547810976e-02,-3.244516664757116642e-01,-1.700073446419402001e-01,1.853330760563049184e-01,1.517569723344442886e-02,1.453269404251793153e-03,1.436764703493597327e-02,7.926531456170315612e-03,1.432879403510550591e-02,2.741019361488378214e-02,1.717912325885279090e-02,7.143074013220909735e-04,3.120587583265379324e-03,9.527402582850360777e-03,1.612072540903508946e-02,8.439043832304485987e-03,7.357365472814655742e-03,4.491833030852994402e-02,6.390844087037492790e-05,3.036524969972864696e-02,3.303314750329255922e-02,-5.523676553691597713e-03,7.551989586856538983e-01,-8.652742017861954696e-04,2.132486388384755016e-01,1.892239465971673695e+00,-6.596748883808345454e-01,-1.679394320808801355e-01,4.921006999472621324e-02,2.812619201736203389e-01,-2.077318368303290863e-01,-4.863989927060378138e-01,9.847613771033000840e-02,-2.360678142976608829e-01,-6.843534393217812206e-02,-5.310260293466460002e-01,-2.804598604910170101e-01,3.926125957515272380e-02,1.287900984097296517e-02,1.718501647628477638e-04,-1.507710710531127117e-02,-4.387315213852712587e-03,-7.349165778180866485e-03,1.595325453546372202e-03,-1.218223614986659042e-02,-1.960196999174763748e-03,-2.373497562592327345e-04,-3.172393341155630569e-02,-1.515775376614516071e-02,5.429180692554907983e-03,-6.401052400830762636e-03
5.127041742286751053e-02,2.165713427614930978e-02,2.676187558437823188e+00,1.007639929319663341e-01,1.238718183209855384e-01,2.358380349228913209e-01,9.631926440669692432e-03,7.713248638838475502e-02,-2.365142970648364340e+01,-3.391027105905676797e-01,-1.788383796713471474e+00,3.832819827436269589e-01,2.021996534064718354e-01,-2.960560248858587831e-02,-3.936895177270543500e-01,4.427771371711231585e-01,9.674021747704729390e-02,-6.570122409476033543e-01,-1.563507906728272001e-01,3.645193715304370086e-01,1.953363436088851601e-01,7.896463085113382754e-03,1.973647447146964842e-02,3.395772261635746775e-02,8.843949200122578486e-03,3.166422521228955730e-03,1.360633857433544503e-03,1.010052480399913424e-03,4.175501379611918154e-03,7.321040171154833158e-04,2.287525501732329183e-03,9.075203842278818092e-04,2.917921722447030120e-03,9.565675930853466402e-03,-8.121597096188748477e-02,2.157291843445025697e-02,-5.417637253316538448e-01,-8.863679268551055701e-02,-3.652092355854602568e-02,-1.271032389461384859e+00,7.299519208603904956e-03,-2.613430127041742046e-01,6.288617090093502782e+00,-1.225032422703400847e+00,-1.836699715172052549e+00,-2.084145347196215137e-01,-6.155736293992442043e-02,2.194560808923943784e-01,-7.522543231123840490e-02,4.477581272350527053e-01,6.005339595976629807e-01,-6.444366781421252410e-01,1.681008758028844641e-01,5.345267161723772364e-01,1.000326755258024169e-02,-7.279234148331046109e-03,1.828320506721785657e-02,1.959007558142149275e-02,9.174177439522628735e-04,-1.116237151387654974e-02,-2.604955975745023786e-02,-1.616907077845287921e-02,3.461193978289827181e-03,-2.388483566149895900e-03,-7.239877081118031160e-03,-1.521320502480720711e-02,-5.521122109857456300e-03,2.208310458038810660e-03
6.669691470054446569e-02,7.371720562592437923e-03,2.152259519657574671e+00,1.259376467538673439e-01,1.684834700562163889e-01,3.064812154721684445e-01,5.033546510731540247e-03,8.439201451905625762e-02,-2.420701412489764337e+01,2.847258272935534462e-01,-1.159037175146621745e+00,3.830546470303489714e-01,-1.923039489458027926e-02,-3.859794043047843903e-01,-1.776430277194891161e-01,5.199420775043366305e-01,-3.044898773575004380e-01,-3.000721728262495391e-01,2.921310357200868069e-01,9.188394987894492327e-02,-2.062833601714837983e-01,3.679522497277177943e-03,4.598398439159769382e-03,8.057350192910895173e-03,5.961081929267000173e-02,5.378614984453298706e-03,4.405994871065447085e-03,7.153057694742929844e-03,8.320155145264676241e-03,2.721689284182475521e-03,2.542670825382618068e-03,1.910094013259892951e-03,4.263583257437047851e-03,1.527562586467641655e-02,1.542649727767695517e-02,-1.428541371355687185e-02,-5.239280387802485173e-01,2.517365382190100975e-02,4.461165173523085059e-02,7.064318054927712365e-02,-4.598379929938152186e-03,7.259528130671502599e-03,-5.555844184139999697e-01,6.238285378841210704e-01,6.293466215668497288e-01,-2.273357132779874057e-04,-2.214300483010521181e-01,-3.563738018161984877e-01,2.160464900075652339e-01,7.716494033321347201e-02,-4.012300948345477458e-01,3.569400681213538151e-01,4.484818263929140070e-01,-2.726354216514920714e-01,-4.016197037803689307e-01,-4.216940587836204811e-03,-1.513807603230987904e-02,-2.590037242344657431e-02,5.076687009254741978e-02,2.212192463224342976e-03,3.045361013631902800e-03,6.143005214343016419e-03,4.144653765652758087e-03,1.989585267066992097e-03,2.551453236502888855e-04,1.002573629032011034e-03,1.345661534990017730e-03,5.709949933822950144e-03
7.803992740471869805e-02,9.028602025462843794e-02,3.189511889922154619e+00,1.100592732234702970e-01,1.170658803278526588e-01,9.081807197550028077e-01,1.052063567991035585e-02,1.098003629764065375e-01,-2.237232439963360875e+01,-1.063013812143310144e+00,-1.367464470820914269e+00,-5.802926124805629637e-01,-1.095619724404928580e-01,4.305161603296436823e-01,1.034382837268810196e-01,1.041267141383686035e+00,-8.988364492451477172e-01,-4.195737836896609174e-01,3.426828772797471112e-01,5.066535274514596399e-01,-2.621245002554790093e-01,2.059384953177053387e-03,7.290772860919051161e-04,9.139746246607567291e-04,2.072175907930783392e-03,5.306712050523163665e-02,1.305469106432825301e-02,3.110822336409256855e-03,1.273027385746888568e-03,1.676113559200784328e-03,4.349146608617711265e-04,4.027740317203982838e-04,3.751837060170039578e-03,1.430955964150855755e-02,1.134301270417423235e-02,8.291429969203599482e-02,1.037252370264579948e+00,-1.587837353039704691e-02,-5.141758972836373009e-02,6.016995042828343632e-01,5.487089169178815604e-03,2.540834845735027991e-02,1.834689725264034621e+00,-1.347739639436863701e+00,-2.084272956742925231e-01,-9.633472595109119352e-01,-9.033157754591257527e-02,8.164955646344280726e-01,2.810813114463701634e-01,5.213250638793494041e-01,-5.943465718876472792e-01,-1.195016108634113783e-01,5.055184155966030435e-02,4.147695775725147027e-01,-5.584114008399521101e-02,-1.620137544100124557e-03,-3.869321153067864158e-03,-7.143375568250138336e-03,-5.753864338473922008e-02,4.768850552077833621e-02,8.648696193262805920e-03,-4.042235358333673423e-03,-7.047127759517787457e-03,-1.045575724981691193e-03,-2.107756164520847159e-03,-1.507319981539494667e-03,-5.117461972670082730e-04,-9.660662231678589923e-04
4.809437386569873074e-02,2.186874434439269391e-02,1.816189352123265044e+00,1.111025532257610277e-01,1.630918106570286019e-01,1.629392534178736307e-01,8.554892233184141839e-03,7.168784029038112460e-02,-2.356053900530542222e+01,1.122281162665883514e-01,-1.985518517460759025e+00,8.848083096424741445e-02,-8.932192790420590001e-01,6.749030160676644519e-02,3.446283880940287370e-01,1.017749386388269839e+00,-4.390685383400620423e-01,-3.807318733756020479e-01,5.848176535183599589e-02,6.299748250431660423e-01,-1.926513783285154491e-01,3.050697619283708733e-03,2.296509975613397325e-03,4.954739023494627789e-03,4.980163393674087724e-02,2.921204798892790624e-02,7.078802927193714525e-03,2.095098964570839099e-03,8.158417024425535435e-04,4.502369343481150629e-04,1.647496963035139294e-03,3.480486144435861358e-03,1.995446392270416348e-03,1.441910270556548933e-02,-2.994555353901996730e-02,-6.841727591023574750e-02,-1.373322537798889575e+00,1.043280002290730701e-03,4.602593032917594307e-02,-7.452414663371291770e-01,-1.965743446726214011e-03,-3.811252268602541293e-02,-1.188214605671813473e+00,1.175241928409898495e+00,-6.180540466398447563e-01,6.687734434448103782e-01,-7.836573066015661837e-01,-3.630258587228772371e-01,2.411901043671477174e-01,-2.351775499541619574e-02,4.597679109050856749e-01,3.884191031405886951e-02,-2.842011119279110876e-01,1.233212975917064025e-01,6.947312192696356026e-02,9.913126661066553463e-04,1.567432689521492100e-03,4.040764398833870952e-03,4.772945802881009558e-02,-2.385507251630373041e-02,-5.975888137134538480e-03,-1.015723371838417755e-03,-4.571856833043350240e-04,-1.225876624852669265e-03,1.212582302173368168e-03,3.077712112715463074e-03,-1.756390667899623229e-03,1.095430640569317743e-04
5.127041742286751053e-02,7.085854726262234837e-02,2.790507058162644327e+00,8.326958187505559272e-02,1.140024481915003357e-01,2.564132134716971823e-02,1.019366944704713264e-02,6.624319419237749418e-02,-2.338612890418453460e+01,1.680184566053037343e-01,-2.544526328773571322e+00,1.647152736681802843e+00,-1.221109403179218234e+00,-8.709740673907859776e-01,-8.010401772554489597e-01,-2.500325083230718892e-01,6.633720789824695263e-01,7.915901357072234745e-01,4.896169153055972556e-01,-2.584653633836772046e-01,-3.639190364028168645e-01,2.633450324004692721e-03,9.415208594755102370e-04,1.257737250382513642e-03,1.426069091519057037e-02,1.736741543796820053e-02,2.827985921867698805e-03,8.061116718587188132e-04,1.293080339793387708e-03,1.254119189938617505e-02,1.913296003195192121e-02,1.118501842553291069e-02,5.621141885199771628e-03,6.656730516590927613e-03,3.176043557168779785e-03,4.898980291822965794e-02,9.743177060393792832e-01,-2.783297135070543493e-02,-4.908936246552826621e-02,-1.372979320707038986e-01,1.638777213862990800e-03,-5.444646098003630419e-03,1.744101011208876173e-01,5.579034033871538290e-02,-5.590078113128122972e-01,1.558671905717555539e+00,-3.278901241371592334e-01,-9.384643689975524783e-01,-1.145668565349477586e+00,-1.267781894711341728e+00,1.102440617322531624e+00,1.172322009082825467e+00,4.311351499537612320e-01,-8.884401884268432470e-01,-1.712676580743014154e-01,-4.172472952790160124e-04,-1.354989116137887088e-03,-3.697001773112114364e-03,-3.554094302155030860e-02,-1.184463255095970571e-02,-4.250817005326016154e-03,-1.288987292712120286e-03,4.772386373508341649e-04,1.209095496503806086e-02,1.748546306891678170e-02,7.704532281097049330e-03,3.625695492929355279e-03,-7.762372188974561715e-03
5.399274047186932574e-02,8.379796264393041261e-02,3.183133089748286348e+00,1.108976943791412512e-01,1.657031466157824762e-01,5.142871287833640503e-02,1.143909359234768740e-02,7.259528130671506763e-02,-2.241561139429669325e+01,-3.791933552434768040e-01,-3.405502335596632513e+00,4.161908135560428157e-01,-1.087373379728261868e+00,-5.652998860401501346e-01,-1.146677430998315483e-01,-6.781188309033707728e-01,-1.184055539159737658e-01,-1.388305716047976701e-01,-1.132427093346290159e-01,5.821977896619532356e-01,3.694855600272721752e-01,6.338236041953430010e-03,3.775503261087718651e-03,6.149410419332750934e-03,4.540771726789486970e-03,3.424930293981768258e-03,8.350317918164063338e-03,5.456276458562043727e-03,1.110476864602147340e-02,3.048255407238990074e-03,3.349998792835691495e-03,5.523747113461197761e-03,4.804975011580376806e-03,2.235688965932292483e-03,2.722323049001815209e-03,1.293941538130806423e-02,3.926260315856420213e-01,2.762811250408565844e-02,5.170069842428214046e-02,2.578739153116668681e-02,1.245424145300554758e-03,6.352087114337573448e-03,9.705175098878413564e-01,-5.472118118487805383e-01,-8.609760068230611907e-01,-1.230961923125760027e+00,1.337360234509563650e-01,3.056741813506358429e-01,6.863724341556174391e-01,-4.280863225802988836e-01,-7.817776328984432643e-01,-9.304207073120212002e-01,-6.028596246402262437e-01,8.406631530456304402e-01,7.334045964300890397e-01,3.704785717948737289e-03,2.833982401612208414e-03,4.891673168950237509e-03,-9.719919188401083404e-03,-1.394248514398643141e-02,5.522331996296364967e-03,4.650164786703324914e-03,9.811688306228085257e-03,-9.492936492147184546e-03,-1.578296123911622842e-02,-5.661271312071712927e-03,-8.161668736193948212e-04,-4.421041550658635563e-03
5.852994555353902006e-02,2.514108153786052610e-02,3.252389966267689836e+00,1.256817616172938579e-01,1.869981097113241064e-01,1.059012105694190214e-01,4.891280183902875153e-03,7.168784029038112460e-02,-2.285271592901504079e+01,1.009561008671477911e+00,-1.917341001453646054e+00,6.007516823506344750e-01,-1.083194986911194313e+00,-1.740731182151979972e-01,2.154710690980093934e-01,-3.681845086190226324e-01,4.485496717954285950e-01,3.026929963248787270e-01,-4.667771801574035484e-01,-2.427663453766601420e-01,-3.379439695623637219e-01,1.317676477788114545e-02,1.337655159399429514e-02,9.347211754697304018e-03,6.720854109212728335e-03,2.500156023825865232e-03,2.989686951100380390e-03,9.779802377342661224e-03,6.582378889724152700e-03,5.793444634681103704e-03,1.100062101466714806e-02,1.529507279476945841e-02,5.297357873618265336e-03,3.991863571228892321e-03,4.537205081669694329e-03,-5.865688110606988304e-02,6.925687651940348744e-02,1.478406723815260670e-02,2.129496309554163025e-02,5.447249769108261641e-02,-6.547813408444812244e-03,-9.074410163339430291e-04,-4.371045347183475371e-01,1.388754363914954659e+00,1.488161334142986458e+00,1.845608687945916593e-01,4.178392817067555498e-03,3.912267678249521374e-01,3.301388121978409140e-01,3.099343222843481405e-01,5.669552257114023330e-01,4.415235679296763971e-01,-3.535344708227745603e-01,-8.249641350386134331e-01,-7.074295295896358970e-01,6.838528735927715436e-03,9.601048332906576485e-03,3.197801335364553084e-03,2.180082382423241365e-03,-9.247742701559030255e-04,-5.360630967063682514e-03,4.323525918780617497e-03,-4.522389756297320700e-03,2.745189227442113630e-03,7.650622221831457001e-03,9.771325681308260652e-03,4.923828620378885301e-04,1.756174605296599838e-03
3.493647912885662621e-02,1.620868395614699642e-02,3.167842977953079675e+00,7.551163448436827574e-02,1.196991566529749945e-01,3.502020577925640810e-02,1.023605659088428453e-02,7.168784029038112460e-02,-2.422458963969161516e+01,2.202834927868453363e+00,-1.906879201002489754e+00,1.113679505802027903e+00,-1.329678925735052974e+00,-1.164225406699571780e-01,1.598602861923729135e-01,-5.039578845315665356e-01,4.345930083194398663e-01,3.705834390068567519e-01,7.597122656145369191e-02,-8.112707814418168573e-04,-5.551752646480454523e-01,2.135610019352632630e-02,1.743738708575194281e-03,3.094607712031024072e-03,8.789653507929771296e-04,1.221613075342538714e-03,3.685599616491025670e-03,3.455909597121910575e-03,6.599650341710205578e-03,1.168733639908662268e-02,8.582640101603885782e-03,3.776081901304506605e-02,7.669259368292288825e-02,2.131954145377023060e-02,-2.359346642468239386e-02,-8.932397581713529683e-03,-8.454698831461016084e-02,-5.017012713292558213e-02,-6.729895305834911190e-02,-7.088100479016261335e-02,5.344776406981409378e-03,0.000000000000000000e+00,-1.371873710676574376e+00,1.193273919196975452e+00,1.046180045115630008e-02,5.129278234513934276e-01,-2.464839388238586615e-01,5.765057754524081923e-02,-5.561078290563647997e-02,-1.357733759125439033e-01,-1.395666347598872870e-02,6.789044268197802490e-02,5.427484067188572681e-01,2.419550745952183113e-01,-2.172312950856817304e-01,8.179335415645180851e-03,-1.163281288541910020e-02,-6.252604042666280379e-03,-5.841888758419751422e-03,-1.278542948483326518e-03,6.959126653906452797e-04,-6.323892780220750215e-03,1.727145198605287840e-05,5.893891764405518978e-03,-2.417980913063262280e-03,2.246574621827560764e-02,7.139523580930462465e-02,1.732767788254133828e-02
3.629764065335753381e-02,7.346988236513491560e-04,3.112387953186223299e+00,1.168229733451048857e-01,1.732616012065104905e-01,1.647582936486761684e-01,1.279238522212094997e-02,6.170598911070780679e-02,-2.742603875164741467e+01,2.212440512725110331e+00,-6.211652274679182462e-01,5.363688935405299674e-01,-5.978562833968577017e-01,2.170695988916895164e-02,3.562428391718622800e-01,-2.891374722619463600e-01,2.406995920552914073e-02,1.439290395552772495e-01,-2.901073241431024741e-01,1.278844106507433798e-01,2.247083592558397624e-01,1.731053336907323673e-02,5.907976461642156472e-03,2.868203606408742824e-03,1.237217698571745073e-02,5.907943041123299779e-03,4.240761651098658505e-03,8.080313949421644160e-03,8.319682091884864419e-03,9.740869216180189291e-03,6.469222357012718860e-02,2.654116755940006192e-02,3.172913702492534925e-03,1.656622384981439045e-02,1.361161524500907605e-03,-1.547398513249564726e-02,-5.545502476685637561e-02,4.131133886073660999e-02,5.356244455353549594e-02,1.297380878694197603e-01,2.556328631236665441e-03,-9.981851179673317809e-03,-3.201449111955799509e+00,9.605584856656967929e-03,1.285713973534571508e+00,-5.773106122614979352e-01,7.318226423381952728e-01,1.381295005591261227e-01,1.963825529794893665e-01,2.148204122696201757e-01,-4.105230491139107429e-01,-2.266543994515795024e-01,-3.660785507045561937e-01,1.286956814321851827e-01,7.798836239038852147e-01,-4.045566824453089572e-03,4.164237753066962408e-03,-2.264041056222812487e-04,1.149321163492447381e-02,4.686329965780761282e-03,5.551620346076328351e-04,4.624404352299733151e-03,1.720031750174658841e-03,-1.946467182906433391e-03,5.610958346852330109e-02,-1.121965145364500413e-02,-7.351967998043035246e-02,-4.753317603955840159e-03
6.896551724137930939e-02,8.987429108997348269e-05,3.207444421067611184e+00,1.391460724223558543e-01,1.587135958299351057e-01,6.438148408245962795e-01,5.209371663487600765e-03,1.016333938294010919e-01,-2.970578886794702811e+01,1.504539155722546706e+00,-2.620361106722180616e-02,5.482007715826733296e-01,-7.320207685407872922e-02,2.923128069206039070e-01,-1.304161615152461817e-03,-2.215634116098844641e-01,9.433862608432497243e-02,1.745309902226826471e-01,-1.608710886741889778e-01,1.329253761984427462e-01,-2.088366788604836821e-01,3.240923265559366578e-02,4.345285199494185006e-03,6.344437911081195376e-03,2.525939489721819135e-03,1.928249691279762534e-02,1.643178668637029424e-02,2.767579821498445183e-02,2.297365834950127698e-03,5.969481531445752429e-03,1.274372351657196770e-02,4.061987756008318684e-02,4.354025130753769873e-03,1.239563095477250014e-02,3.266787658802177557e-02,-6.448245325613756462e-04,9.505646788138788494e-02,2.232309907725096854e-02,-1.454800537657538473e-02,4.790565471759201110e-01,-7.583013558633349208e-03,3.992740471869328511e-02,-2.279750116299613438e+00,-7.079013570025636248e-01,5.949616164006964469e-01,1.183187804214336225e-02,5.246542065427789447e-01,2.706058470314349762e-01,-3.575470007870147349e-01,6.757406065206189583e-02,7.026866687879583517e-02,3.060195066740539760e-02,1.292362354689134962e-01,5.040965547699366445e-03,-4.335450381163234446e-01,1.509869928652042906e-02,-1.562691262147971466e-03,3.476234304672452553e-03,-9.846237495995630723e-03,1.337455387167432556e-02,1.219102503527163574e-02,1.959548426556280767e-02,-6.022316256934737155e-03,-3.771387684734436863e-03,-5.194850005355522438e-02,1.407871000068312492e-02,1.181111428261234948e-03,-4.170592895041890305e-03
8.666061705989110131e-02,4.119791512523031970e-05,3.096828961168250682e+00,1.512757086519689875e-01,1.694636337080865085e-01,7.053101076383905266e-01,2.084501726183926682e-03,1.206896551724137984e-01,-3.065881227488337757e+01,1.539956399735392445e+00,-7.910643288291384356e-02,5.354732715862622339e-01,-1.271788003335910244e-01,-2.237837249899399250e-01,-1.731168014628738094e-01,-4.125091911585291315e-01,-1.597848459855675252e-01,-5.166520409552567694e-02,-1.379796080334605712e-01,1.745193186718281275e-01,-9.767601146197785189e-02,2.870942072727249161e-02,1.942374696939695809e-03,1.713980926856743456e-02,7.057219877909250497e-03,3.883082798145324338e-02,1.846308408612558349e-02,4.695613960176510393e-02,2.063884740501465906e-03,1.227595724294433012e-02,5.718567190458581986e-03,1.347054383714175498e-02,5.991458698039727436e-03,1.397236623294087661e-02,1.769509981851179192e-02,-4.867637596474316299e-05,-1.106154598993605020e-01,1.212963622961313326e-02,1.075003787815140277e-02,6.149526681379424708e-02,-3.124869937303674083e-03,1.905626134301270647e-02,-9.530234069363494598e-01,3.541724401284573887e-02,-5.290282181569203740e-02,-1.272749999641109575e-02,-5.397672347951229521e-02,-5.160965319105438320e-01,-1.718126398477213546e-01,-1.909457795486446674e-01,-2.541234720698924976e-01,-2.261961943182083101e-01,2.289148064072840660e-02,4.159394247338538131e-02,1.111606673985058302e-01,-3.699811928321174170e-03,-2.402910502554489198e-03,1.079537135748624005e-02,4.531280388187431361e-03,1.954833106865561804e-02,2.031297399755289251e-03,1.928034138678065210e-02,-2.334810944486617919e-04,6.306475711498577691e-03,-7.025156326113385710e-03,-2.714933372294143360e-02,1.637433567285957563e-03,1.576735278168376470e-03
7.304900181488203914e-02,2.599135918690244907e-05,3.215697335494883458e+00,1.603591505142436535e-01,1.862556583127883136e-01,7.421416269364528029e-01,1.812893644637543098e-03,1.197822141560798553e-01,-3.127922250442124863e+01,1.678738348612674347e+00,2.183079711995738470e-01,3.753498792187817124e-01,-4.873704395901180125e-02,3.765180144330133177e-02,1.253985909176129065e-01,5.770346448333070477e-02,-3.123111260400645017e-01,1.713851077065824124e-02,-6.634562964448784128e-02,1.235392051299532765e-02,-1.148127576627616386e-01,4.761101288267206161e-02,3.388292898053484221e-03,2.254564277305830949e-02,2.602242083720307866e-02,2.380633658915234929e-02,1.695713198929609325e-02,2.839708395130636359e-02,9.345822510375846994e-04,6.113686704293376344e-03,5.097614273606775569e-03,1.488328198071653743e-02,5.888443834140110432e-03,1.309088090783579530e-02,-1.361161524500906217e-02,-1.520655593832787063e-05,1.188683743266327753e-01,9.083441862274665990e-03,1.679202460470180513e-02,3.683151929806227631e-02,-2.716080815463835837e-04,-9.074410163339430291e-04,-6.204102295378710608e-01,1.387819488772819021e-01,2.974144040824877044e-01,-1.601233923674805215e-01,7.844175637457923012e-02,2.614355264332412498e-01,2.985153923804867437e-01,4.702126556418598224e-01,-1.525262800544969766e-01,6.880371486618391819e-02,7.163397838897272996e-02,-1.621653981588327964e-01,-1.713674620078378674e-02,1.890159215539956999e-02,1.445918201113788413e-03,5.405833504490874936e-03,1.896520095929382643e-02,-1.502449139230089409e-02,-1.505952096829490244e-03,-1.855905565045874034e-02,-1.129302489463881315e-03,-6.162270538650953776e-03,-6.209529168518064177e-04,1.412738143574782460e-03,-1.030148638996170041e-04,-8.814853251050813049e-04
1.057168784029038078e-01,2.089151372216213758e-05,3.261041664856890065e+00,1.756613384799869948e-01,1.723432628676327960e-01,1.070648574788590546e+00,2.238108098437996841e-03,1.778584392014519178e-01,-3.199286641342264659e+01,1.214471282170704214e+00,5.262701042923860761e-01,4.571074886404655757e-01,-3.819543174235159322e-01,1.124681148448011675e-01,-1.994436386842864950e-01,-4.227874767026894021e-01,-4.869499303176688665e-02,-5.826140556055636049e-02,2.088965625651750813e-01,-7.180583925734058959e-02,-1.346526639970274386e-01,6.680573879284289890e-03,4.506992267938545078e-03,1.920563549692562433e-02,1.692521226378800037e-02,8.616668497765912760e-03,7.132646611796349123e-02,9.623919020997628859e-03,9.197440701436310380e-04,7.207756923569132688e-03,6.197878844286696526e-03,2.642089678678315526e-02,4.998880499490323918e-03,1.827877278905356423e-02,3.266787658802176864e-02,-5.099845464740311487e-06,4.534432936200660791e-02,1.530218796574334128e-02,-1.391239544515551763e-02,3.285069478521377428e-01,4.252144538004537424e-04,5.807622504537206243e-02,-7.136439090013979580e-01,-4.642670664419701332e-01,3.079621330928122291e-01,8.175760942168386336e-02,-3.332172734645041379e-01,7.481631340149982878e-02,-3.248422296018994015e-01,-4.804909411860200930e-01,2.636161330082976151e-01,-7.539991633121459480e-02,2.752421922096629503e-01,-8.415975977033592070e-02,-1.983990633426579997e-02,-4.093043900338777519e-02,1.118699369885060857e-03,-3.340007276132685166e-03,-9.097208573415078298e-03,-1.518966809138643653e-02,5.436933412866740145e-02,-1.877316493030873473e-02,-1.483818089395366139e-05,1.094070219275756345e-03,1.100264570679920957e-03,1.153761480606661782e-02,-8.895633346497865135e-04,5.187891881217768925e-03
9.528130671506351845e-02,4.112185613928091713e-05,3.231962278783776732e+00,1.646240583973253846e-01,1.623517630828454350e-01,8.715389359493487254e-01,3.174322989987504989e-03,1.597096188747731405e-01,-3.092704691094752079e+01,1.599569468274179673e+00,8.268381244395571483e-03,4.105407420698856669e-01,6.542778094330864436e-02,-2.853209676504981918e-01,-2.223272243174704288e-01,-3.041514494348616093e-01,-9.312521392843514656e-02,1.068456601463421557e-01,-2.196791662886316693e-02,1.414884269457578059e-01,-3.052351813903108127e-02,7.089245640307651614e-03,1.066074073705006913e-03,8.376941276419979515e-03,2.115102454327858622e-02,9.523018635164712253e-02,8.911502143943123011e-03,1.889333390082615499e-02,3.497091823015930495e-03,9.878701196313684207e-03,1.460959724444647716e-02,1.217797202218429478e-02,9.156365392502741757e-03,2.407135852363644427e-02,-1.043557168784028932e-02,2.023034241711877955e-05,-2.907938607311333357e-02,-1.103728008266161020e-02,-9.991499784787361005e-03,-1.991096388392418204e-01,9.362148915495081478e-04,-1.814882032667877731e-02,1.065819502475125802e+00,3.850981861034754594e-01,-5.180017230479905255e-01,-4.656674657057990885e-02,4.473820983668245765e-01,-3.977890824952993731e-01,-2.288358563318393379e-02,1.186360272678277927e-01,-4.443022089666825991e-02,1.651070657068985092e-01,-2.308644791940382412e-01,2.132942662030983816e-01,1.041291458579963608e-01,4.086717610233617237e-04,-3.440918194233538382e-03,-1.082869422050564481e-02,4.225812279490585854e-03,8.661351785388121671e-02,-6.241496397402036822e-02,9.269414879828526133e-03,2.577347752872299457e-03,2.670944272744551519e-03,8.411718400159780631e-03,-1.424292476459886048e-02,4.157484893012417838e-03,5.792585734582880036e-03
7.940108892921959871e-02,5.170770362042854831e-05,3.238120988498650377e+00,1.533773186135793942e-01,1.641390658010923043e-01,8.448322697580936680e-01,1.930141507287081500e-03,1.306715063520871023e-01,-3.039219867437796907e+01,1.299170835093089726e+00,1.493783154369327515e-01,2.095384258278742973e-01,1.244667076690966073e-01,2.293271681407120233e-01,-1.045263847000170998e-01,3.967843737800758747e-02,-5.461954341652715261e-02,-3.810385026733469349e-01,-4.189456663019700544e-01,4.387210344286190944e-02,8.966026550340336354e-02,1.155343048968654820e-02,1.750162056408396602e-02,2.132028905065263061e-02,4.901670338025437834e-02,3.622871981364393645e-02,8.590862669723994469e-03,2.296283296869855786e-02,7.096790388798029751e-04,7.298824525756608152e-03,9.289112182944713608e-03,8.246096793220700563e-03,2.276763380562872672e-03,1.370904701388041963e-02,-1.588021778584391974e-02,1.058584748114763119e-05,6.158709714873644714e-03,-1.124673978374599037e-02,1.787302718246869260e-03,-2.670666619125505736e-02,-1.244181482700423488e-03,-2.903811252268603815e-02,5.348482365695517160e-01,-3.003986331810899468e-01,1.411099341925371731e-01,-2.010023162420113696e-01,5.903892672578796297e-02,5.146481357912102705e-01,1.178008396174533290e-01,3.438298868128691899e-01,3.850567051190799395e-02,-4.878841628196891045e-01,-3.969777496731068944e-01,-9.761632350289589644e-02,1.201837836424344413e-01,4.464184849378896591e-03,1.643554649037895846e-02,1.294334777423265109e-02,2.786567883697579212e-02,-5.900146653800318608e-02,-3.206394742191285424e-04,4.069499067872402870e-03,-2.787412784136127520e-03,-2.579876670557076056e-03,-5.320485061501763549e-03,-3.931875228963594218e-03,-6.879602011939869519e-03,-1.036231150975602464e-02
6.851179673321233787e-02,1.437378867298438857e-04,2.999843719927921093e+00,1.284114264958997054e-01,1.367572959344872940e-01,6.532892638906500071e-01,3.113013736654927140e-03,1.288566243194192440e-01,-2.893459124157373097e+01,1.137407515357947485e+00,-6.495120818429548359e-01,4.216602214144506838e-02,-4.246069282876319684e-01,-3.931465860984192928e-01,-3.382482872877969060e-02,-2.952748353512244517e-01,1.763221534850017286e-02,-6.714577412571343107e-01,-3.618658190717378709e-01,-4.458198888529348036e-02,3.516266341538762386e-02,1.374794726809264352e-02,8.125341021941914765e-03,2.018642671646645598e-02,2.354873245402831425e-02,3.512066947651817928e-02,1.132999075043160907e-02,1.185310838113202460e-02,3.533867242384569011e-03,1.034931325516683619e-02,1.213705107298405396e-02,4.383748904382272008e-03,1.675395045636134464e-02,8.403645835046944304e-03,-1.088929219600726084e-02,9.203018310941533736e-05,-2.382772685707292837e-01,-2.496589211767968886e-02,-2.738176986660501022e-02,-1.915430058674436609e-01,1.182872229367845640e-03,-1.814882032667858303e-03,1.457607432804238101e+00,-1.617633197351422414e-01,-7.988903972798875319e-01,-1.673724036864292219e-01,-5.490736359567285341e-01,-6.224737542391313161e-01,7.070155597123740920e-02,-3.349532727292320322e-01,7.225175876502731853e-02,-2.904192385837873758e-01,5.707984723023218354e-02,-8.845409232815538980e-02,-5.449760208801573969e-02,2.194516778406095311e-03,-9.376279542142051254e-03,-1.133862334186174631e-03,-2.546797092622606409e-02,-1.108050337125757179e-03,2.739128080707614599e-03,-1.110972458756653326e-02,2.824188203504766036e-03,3.050488729410228035e-03,2.847938890039340351e-03,-3.862347888838428556e-03,1.447718707579847240e-02,-5.305401178833475326e-03
5.671506352087114095e-02,9.857869983778053385e-04,3.074648199172577367e+00,1.049957761709068571e-01,1.214440863473225385e-01,3.297200097753706927e-01,3.846836624081499331e-03,7.350272232304899678e-02,-2.669130496867542490e+01,1.548967735748564944e+00,-1.063815277413418858e+00,1.608750093518236390e-01,-5.897202493301986204e-01,-3.378818982847990871e-01,1.250813722746118573e-01,-4.606387987049838650e-01,-2.546183520564203606e-01,-5.740602997365990001e-01,-2.009029441513386915e-01,1.315251402951633786e-01,-5.364044613920337934e-02,1.213061430643868656e-02,7.941429504518605562e-03,9.709058177705665732e-03,9.436579278572544000e-03,3.302002764483679548e-02,1.593645307768521910e-02,1.269575540494710837e-02,4.091821533064211197e-04,4.288922309521018758e-03,5.051577672757422491e-03,1.087213234898803949e-02,5.945456747257119902e-03,7.870235411174850843e-03,-1.179673321234119693e-02,8.420491116479614799e-04,7.480447924465627452e-02,-2.341565032499284826e-02,-1.531320958716475555e-02,-3.235692541152793145e-01,7.338228874265721909e-04,-5.535390199637024722e-02,2.243286272898306066e+00,4.115602203906174594e-01,-4.143031955704640223e-01,1.187089872103785637e-01,-1.651133210425666520e-01,5.526468781362020577e-02,1.589062010033915340e-01,-1.653639633537594134e-01,-2.722505674049205404e-01,9.739744152053531057e-02,1.609628749203991793e-01,1.761071291804568451e-01,-8.880310955459100319e-02,-1.617332961653956958e-03,-1.839115174233092037e-04,-1.047736853876079025e-02,-1.411215317545577025e-02,-2.100641831681383798e-03,4.606462327253610031e-03,8.426470238150837733e-04,-3.124685089078147945e-03,-6.060390945645817429e-03,-7.085473400226631469e-03,6.488383444605767478e-03,-1.080849370910422561e-02,-5.334104238720934615e-04
3.085299455535390339e-02,9.919160908859792763e-03,3.186923527989109495e+00,9.485046124411877777e-02,1.238629130064198003e-01,1.637275348124876406e-01,1.120004832323219686e-02,4.446460980036297944e-02,-2.444848899395253738e+01,1.548572246482216919e+00,-1.086958690413572404e+00,-1.986126927614998983e-01,-7.052601979972076274e-01,-4.847480114716505861e-01,-6.203375312376533390e-01,-6.997296004688372539e-01,-1.797448771943050416e-01,-2.600455822726230881e-01,2.146523564232631909e-01,8.130577656491075889e-01,2.262587912582450789e-01,2.700490302913586410e-03,1.524855615817239740e-03,3.901179977743801999e-03,3.949802041469564415e-03,7.863283139147751039e-03,2.687021865145123103e-02,2.475817626307572419e-02,3.362790686538073837e-03,1.052119562188072177e-01,1.511698159431635290e-02,3.402892361981506644e-03,1.191460870426284306e-03,2.803444347798508124e-02,-2.586206896551723755e-02,8.933373910481988076e-03,1.122753288165321273e-01,-1.014531492678807933e-02,2.418826659097261800e-03,-1.659924749628830520e-01,7.353211699150697528e-03,-2.903811252268601734e-02,2.242815974722887518e+00,-3.954892663480258364e-04,-2.314341300015354541e-02,-3.594877021133235373e-01,-1.155399486670090070e-01,-1.468661131868514991e-01,-7.454189035122651408e-01,-2.390908017638533889e-01,7.487347486211531900e-02,3.140147174639759120e-01,4.155553005746018824e-01,6.815326253539442103e-01,2.798992373974484860e-01,-9.430124003525100149e-03,-6.416573888701366038e-03,-5.807878199961863733e-03,-5.486777237102979585e-03,-2.515674450568904444e-02,1.093376557376601194e-02,1.206242085812861582e-02,2.953608533231652771e-03,1.009230339092861972e-01,1.006540392155893041e-02,-7.469239987006532841e-03,-4.753995876830835812e-03,2.016420806681023040e-02
2.676950998185118058e-02,1.839394346800491548e-02,3.269624400771011352e+00,9.113416882632503768e-02,1.293204981803913189e-01,1.485012387198119121e-01,3.153758984353115073e-03,4.355716878402903641e-02,-2.350382098642277384e+01,1.811483728576991803e+00,-1.013328569288309389e+00,-1.431514788742223043e-01,-5.543072108776793128e-01,-2.929238179690605848e-01,-3.470196203092259513e-01,-8.813447539297061262e-01,-4.289988101926526798e-01,-3.642639454224871343e-01,8.194742214115713352e-02,5.317103764063180193e-01,3.491822966510528259e-01,5.099016880292365529e-03,1.676883431214545731e-03,7.601454484333696957e-03,9.981913649495969404e-03,3.558540177492108478e-03,1.358722843017452775e-02,4.006914499462718021e-02,2.878912724513569329e-03,1.158379158846259277e-01,2.018503153280170725e-03,3.698477839808066766e-03,7.994297710292711835e-04,3.145107170068024705e-02,-4.083484573502722814e-03,8.474782559145122712e-03,8.270087278190185742e-02,-3.716292417793740088e-03,5.457585173971518655e-03,-1.522629609267572848e-02,-8.046289338879082653e-03,-9.074410163339430291e-04,9.446680075297635426e-01,2.629114820947748843e-01,7.363012112526301500e-02,5.546121388727759394e-02,1.509529871195283146e-01,1.918241935025900013e-01,2.733179109284273878e-01,-1.816151534608688722e-01,-2.492539329983476382e-01,-1.042183631498640461e-01,-1.327049342821060574e-01,-2.813473892427895695e-01,1.229235053928077470e-01,2.398526577378779119e-03,1.520278153973059904e-04,3.700274506589894957e-03,6.032111608026404989e-03,-4.304742961655642561e-03,-1.328299022127670329e-02,1.531096873155145602e-02,-4.838779620245045078e-04,1.062595966581870999e-02,-1.309847844103618174e-02,2.955854778265601217e-04,-3.920310993970131230e-04,3.416628222695165806e-03
5.444646098003629725e-02,7.994562846477338072e-03,3.277542158365953195e+00,8.704552485859111399e-02,9.470223504151821514e-02,3.170223463808020670e-01,9.157740863479438276e-03,7.713248638838475502e-02,-2.353853577711085165e+01,9.947771737382397061e-01,-1.001536589927190857e+00,6.874521333120546529e-02,-7.338311694688191000e-01,-2.325336415966301473e-01,-2.007807892044798370e-01,-7.729272942682903214e-01,-3.652199868122315563e-01,-1.625001992724348643e-01,8.944280977140753319e-02,2.347780319760620626e-01,1.791282714475054272e-01,4.646756268337651728e-03,7.501247696875198989e-03,4.599591145021086382e-03,7.358405206036212551e-03,3.764450183741482187e-02,1.663402300753833232e-02,3.093088614182226692e-02,1.345816837383152428e-02,7.167229927042945668e-03,7.639842028775061314e-03,5.286281022206722885e-03,4.205354970028955287e-03,1.055797228976060320e-02,2.767695099818511667e-02,-1.039938062152757740e-02,7.917757594941843280e-03,-4.088643967733923690e-03,-3.461826313887310380e-02,1.685211076609901548e-01,6.003981879126323203e-03,3.357531760435571860e-02,-3.471479068807781232e-02,-8.167065548387520968e-01,1.179197936111853195e-02,2.118966922054277835e-01,-1.795239585911397873e-01,6.039017637243043746e-02,1.462388311047461142e-01,1.084174596614158048e-01,6.377882338042112353e-02,2.017637461500522700e-01,7.495387630250399669e-03,-2.969323444302559567e-01,-1.700540252035473987e-01,-4.522606119547138009e-04,5.824364265660653475e-03,-3.001863339312610575e-03,-2.623508443459756853e-03,3.408596165992271165e-02,3.046794577363804574e-03,-9.138258852804913290e-03,1.057925564931795452e-02,-1.086706859575829881e-01,5.621338875494890155e-03,1.587803182398656119e-03,3.405925198999684104e-03,-2.089309941091964384e-02
6.215970961887477136e-02,7.096562286730013699e-03,3.238799493438658583e+00,1.091925536744021569e-01,1.441425904253442192e-01,4.566855273336446475e-01,2.956070617058651883e-03,8.620689655172414367e-02,-2.353358713392119483e+01,7.183157968186306697e-01,-1.035123118334267067e+00,-1.699691803462706208e-01,-3.579822672320739918e-01,-3.567463640322993679e-01,-2.856225730981523658e-01,-6.229000590805078286e-01,-2.455870547051305364e-01,-7.007681907398627397e-02,1.106716477453987824e-01,3.200331452842507252e-02,-1.198277425258202356e-01,9.115343810130892635e-03,2.218710042711671826e-02,7.339848118438772190e-03,7.724750459250344196e-03,1.029387472196809789e-02,1.011008284587814124e-02,1.698227837458365225e-02,2.325418488739519618e-02,1.207446401018042598e-03,1.455102086109714456e-02,7.072044430503378158e-03,4.035559078484615703e-03,6.533337585299101025e-03,7.713248638838474114e-03,-8.980005597473243728e-04,-3.874266492729461220e-02,2.214702881581104288e-02,4.944035538382600403e-02,1.396631809528425805e-01,-6.201670246420785959e-03,9.074410163339388657e-03,4.948643189656820596e-03,-2.764613769196090365e-01,-3.358652840707621046e-02,-2.387143936774760999e-01,3.758489022367451082e-01,-1.242127224356692206e-01,-8.484178389367252882e-02,1.500272351877824928e-01,1.196329321071010199e-01,9.242338019844859032e-02,2.122883797399124917e-02,-2.027747174476369763e-01,-2.989560139733256627e-01,4.468587541793240907e-03,1.468585273024151927e-02,2.740256973417685808e-03,3.663452532141316456e-04,-2.735062711544672398e-02,-6.523940161660191084e-03,-1.394860776723861467e-02,9.796016513563671896e-03,-5.959783526024903071e-03,6.911178832322083243e-03,1.785763408296655273e-03,-1.697958915443395847e-04,-4.024634704461502177e-03
4.537205081669691553e-02,2.913391545242499311e-02,3.126572734575810752e+00,8.875692538989193858e-02,1.044444531871736581e-01,1.689467507244943045e-01,1.107114644593261941e-02,5.898366606170599158e-02,-2.294640163428160307e+01,7.922740442840581210e-01,-1.560737829324606585e+00,8.744619174121961991e-02,-1.057449045025578155e-01,-2.166498358963549753e-01,-2.871547809670953466e-01,-9.819782904011905567e-01,-2.292410592217267729e-01,1.783115133621535620e-01,1.756759432846719537e-01,-2.443956639513061857e-01,-4.416039433587173324e-01,4.947734226615127344e-03,1.924065862255564452e-03,4.260470900155343202e-03,2.055510025500460660e-03,3.906819752022584573e-03,3.265972161855431200e-03,1.146766642348775967e-03,5.965222900529768002e-03,1.239276736212390900e-01,2.256432114204091118e-03,5.230493517858285021e-03,1.961154499842311313e-03,3.335632936567355100e-02,-1.678765880217785583e-02,2.203735316569498115e-02,-1.122267588628478308e-01,-2.043562828451021829e-02,-3.969813723817056106e-02,-2.877387766091503707e-01,8.115075828873967098e-03,-2.722323049001815209e-02,5.871854996395917681e-01,7.395824746542745132e-02,-5.256147109903395176e-01,2.574153720874902129e-01,2.522373627295161902e-01,1.400965281359443926e-01,-1.532207868942980777e-03,-3.590782313206827281e-01,1.634599548340376352e-02,2.483883324361398359e-01,6.500429553927317139e-02,-2.763989784797312721e-01,-3.217762008328970968e-01,-4.167609583515765291e-03,-2.026303456486115359e-02,-3.079377218283428988e-03,-5.669240433749883970e-03,-6.387054969945513312e-03,-6.844110684022710472e-03,-1.583551173223487693e-02,-1.728896198686542818e-02,1.227202272202210509e-01,-1.229458874689305301e-02,-1.841550912645093137e-03,-2.074404578642304389e-03,2.682299178037444998e-02
6.442831215970962200e-02,1.145489526751003288e-02,3.295125978791871635e+00,1.028433708534366303e-01,1.154827395432337367e-01,4.342942244244649141e-01,7.606731146463993967e-03,8.076225045372051325e-02,-2.302342451410002866e+01,7.867732718516611268e-01,-1.256817358861397560e+00,6.174252237778381225e-02,-3.745903795300721817e-01,-2.086560094196709403e-01,9.064641911452842038e-02,-5.171828440428192231e-01,-1.447435806631956479e-01,-4.011620031952525811e-02,1.168744345849191679e-01,1.311728698518613845e-01,-4.375673900263791771e-01,6.929640153473836002e-03,3.230746181581251823e-03,5.093760729204741856e-03,1.066493966687245137e-02,4.866073343379638365e-03,2.033325450948331864e-02,6.537590987669194935e-03,7.425168405402685599e-03,5.042451264052478371e-02,7.431321308815869858e-03,8.884349026514519465e-03,3.987901821684789946e-03,1.254596958222270811e-02,1.905626134301270647e-02,-1.767902018491496197e-02,1.685532442160608824e-01,1.408644546354469174e-02,1.103828635606007857e-02,2.653474736999705819e-01,-3.464415299468625448e-03,2.177858439201452168e-02,-7.702287981842559361e-02,-5.500772432396994205e-03,3.039204704632090248e-01,-2.570366936343580766e-02,-2.688454750275143801e-01,7.993826476684035010e-03,3.778012000816237670e-01,4.647954463583713336e-01,8.449747855853112499e-02,-2.184277136816788201e-01,-5.880150869975278582e-02,3.755685338031675702e-01,4.036553332338155275e-03,1.981905926858708658e-03,1.306680319325687371e-03,8.332898290493986546e-04,8.609429641371990280e-03,9.592535913570537920e-04,1.706728234762788787e-02,5.390824345320418751e-03,1.459945504872917597e-03,-7.350316098071429938e-02,5.174889194611778306e-03,3.653855508656234444e-03,2.026747321842478633e-03,-2.081035978345084289e-02
7.304900181488203914e-02,1.634217509292859583e-02,3.287090115084553066e+00,1.122249575657730813e-01,1.326619349879377130e-01,5.141536608571554146e-01,3.416499127463582582e-03,1.061705989110707793e-01,-2.283319014530397695e+01,-8.516026376254122454e-02,-1.563643814419291012e+00,-1.461299503391285115e-01,-7.124452592380977611e-01,-6.464389629119963177e-01,-2.014936426273180037e-01,-7.519166617763743954e-01,-4.337043470128723044e-01,-5.496896072504888764e-01,-2.046438195134807625e-01,1.614074673735448884e-01,-1.226628400124641916e-01,2.949492320147864121e-03,8.582245059870678358e-03,8.045140341259077524e-03,1.626206425668052374e-02,3.871006202883589022e-03,1.644858743106966323e-02,3.888096052389516943e-03,2.270695721215056084e-03,4.051273790801761948e-03,3.026901822556384361e-03,7.226007757012447956e-03,1.770050269676034767e-03,4.883370333040819473e-03,8.620689655172417143e-03,4.887279825418562942e-03,-8.035863707318569027e-03,9.381586712336451028e-03,1.717919544470397630e-02,7.985943643269050041e-02,-4.190232019000410951e-03,2.540834845735026604e-02,1.902343687960517116e-01,-8.719335356142023929e-01,-3.068264555578934516e-01,-2.078724727169123376e-01,-3.378548797080255794e-01,-4.377829534923253774e-01,-2.921400617418464241e-01,-2.347338177335551723e-01,-2.889607663496766565e-01,-5.095734069309636460e-01,-3.215182540983999582e-01,3.023459752168350390e-02,3.149045500139149856e-01,-3.980147833325972315e-03,5.351498878289426969e-03,2.951379612054335667e-03,5.597124589808072370e-03,-9.950671404960493432e-04,-3.884667078413655411e-03,-2.649494935279677992e-03,-5.154472684187629515e-03,-4.637323884972302523e-02,-4.404419486259485497e-03,-1.658341269502071509e-03,-2.217851552008755396e-03,-7.662599249181888637e-03
6.805807622504536636e-02,2.778705564256540861e-02,3.275126704525447519e+00,9.750645744005324855e-02,9.078082215294677737e-02,5.256537150017230875e-01,3.260830053341334106e-03,1.161524500907440971e-01,-2.223786757461931529e+01,1.167385454328977168e-01,-1.574382648068230584e+00,-2.497752378141817331e-01,-7.944926256531694708e-01,-7.148160507649125028e-01,3.693533394694278882e-02,-5.901808200732507892e-01,-1.314183703354874500e-01,-2.575246245017046576e-01,-4.472942126500916160e-01,-3.147497540844704789e-01,-2.579581810121125973e-01,6.822463054042852623e-03,1.345684759287619527e-03,1.514792768836506660e-02,1.605748202736860530e-02,1.045867868035798252e-02,2.572393887299659603e-03,3.036729575122012244e-03,2.217552581787000758e-03,3.465991764091249771e-03,7.345895346689920551e-03,5.907702299492954660e-03,1.659924010609761108e-02,5.419601402706667945e-03,-4.990925589836672782e-03,1.144488054963681278e-02,-1.196341055910554729e-02,-1.471850012571983279e-02,-4.188111283499093562e-02,1.150005414456767294e-02,-1.556690741222484763e-04,9.981851179673317809e-03,5.953225706846616561e-01,2.018988091954389552e-01,-1.073883364893957193e-02,-1.036452874750532216e-01,-8.204736641507170969e-02,-6.837708785291618518e-02,2.384289765742607925e-01,1.617358417031236062e-01,3.022859766773848822e-01,2.921649827487842188e-01,-2.426503931366108535e-01,-4.761572214580153672e-01,-1.352953409996484058e-01,3.872970733894988502e-03,-7.236560300583058832e-03,7.102787347105989080e-03,-2.045822293119184399e-04,6.587672477474393502e-03,-1.387619354377000319e-02,-8.513664772675046989e-04,-5.314313942805532626e-05,-5.852820267105121772e-04,4.318993524133536190e-03,-1.318305457519493296e-03,1.482918983642157566e-02,5.362310696658484713e-04
7.032667876588022393e-02,3.587521922033294619e-02,3.211192765863706722e+00,1.004243034395517070e-01,1.006668694628943261e-01,5.854445247342201508e-01,2.788917543734865424e-03,1.261343012704174149e-01,-2.167108405883984901e+01,5.863413714787431980e-02,-1.378237387931936286e+00,-1.006816659402451908e-01,-3.035366572696565068e-01,-5.350397316011722415e-01,-8.208616390237004345e-02,-5.066013150138828358e-01,2.796010245828831065e-01,-2.057783777123978197e-01,5.612024097769004183e-02,-2.000379327707286770e-01,-3.407812820850325553e-01,6.913798253751863784e-03,8.912047911039439399e-03,4.853880306940647898e-03,7.706113964474815663e-03,2.814579332242540116e-03,3.651662420786887069e-03,4.113871954957873910e-03,3.019559201493816642e-03,1.240017140441625546e-02,1.172508920558645688e-02,1.774218082334963129e-02,5.230583558900900841e-03,4.373505571317449700e-03,2.268602540834857573e-03,8.088163577767537582e-03,-6.393393866174079676e-02,2.917845999498458465e-03,9.886047309947548767e-03,5.979080973249706332e-02,-4.719125096064686817e-04,9.981851179673317809e-03,5.667835157794662848e-01,-5.810440828502339700e-02,1.961452601362942971e-01,1.490935718739365423e-01,4.909559683835129640e-01,1.797763191637402613e-01,-1.190214978493128323e-01,8.357950505936795338e-02,4.110193949183705842e-01,5.174624678930683785e-02,5.034144536277816995e-01,1.147118213137418019e-01,-8.282310107291995793e-02,9.133519970901116114e-05,7.566363151751819872e-03,-1.029404738142441871e-02,-8.351368062893788774e-03,-7.644099348115442408e-03,1.079268533487227465e-03,1.077142379835861665e-03,8.020066197068158841e-04,8.934179640325005251e-03,4.379193858896536333e-03,1.183447852385667576e-02,-1.136865654719670937e-02,-1.046095831389218245e-03
6.442831215970962200e-02,6.890289645930525175e-02,3.228237382416306200e+00,9.182409182803986936e-02,8.293885406313422637e-02,5.961037363447071469e-01,5.578443776272568565e-03,1.252268602540834719e-01,-2.129440136639030712e+01,-1.239168106449979739e-01,-1.534230142790537155e+00,-1.888161565882663928e-01,9.073774855507432680e-02,-4.446989199592945585e-01,4.471593270861090597e-02,-2.310238677104977656e-01,3.875329220912357986e-01,-2.388426826818558224e-01,-1.676075534900851594e-01,-1.389690558411675880e-01,-9.835844184357900311e-02,6.247691544888089171e-03,4.019767116001039114e-03,7.948679295890334964e-03,5.100017824933809722e-03,1.560012759182251296e-03,3.623058184819736519e-03,5.635007737414712663e-03,5.242460138051448747e-03,1.327237174235201562e-03,2.967223143943701312e-03,6.944183194268499504e-02,3.263095787060752654e-03,1.810604524024441234e-02,-5.898366606170601933e-03,3.302767723897230556e-02,1.704461655259947861e-02,-8.600211611511837662e-03,-1.772801539976009977e-02,1.065921161048699606e-02,2.789526232537703140e-03,-9.074410163339430291e-04,3.766826924495418893e-01,-1.825509477928722868e-01,-1.559927548586008683e-01,-8.813449064802120203e-02,3.942744058247308336e-01,9.034081164187768298e-02,1.268020966109809633e-01,2.755774473033850702e-01,1.079318975083526921e-01,-3.306430496945800268e-02,-2.237277944677751873e-01,6.106887692956108893e-02,2.424228402414535521e-01,-6.661067088637746131e-04,-4.892280795038400285e-03,3.094798988949687066e-03,-2.606096139541005940e-03,-1.254566573060288820e-03,-2.860423596715054931e-05,1.521135782456838753e-03,2.222900936557632105e-03,-1.107293423018105433e-02,-8.757866061642756439e-03,5.169965111933536028e-02,-1.967487771840148187e-03,1.373253966892696264e-02
7.259528130671506763e-02,6.122556946338925804e-02,3.302393483679170405e+00,9.243117602837698510e-02,7.996181327311656373e-02,5.957983627979562824e-01,3.425108253126343729e-03,1.252268602540834719e-01,-2.120732447531223031e+01,-1.548843976074647522e-01,-1.446541259422958747e+00,-2.203870228884317606e-01,-2.915028436635901388e-01,-5.778173759252693831e-01,-2.144399194590871360e-01,-5.176949147123897088e-01,2.377882319292694002e-01,-4.931759462234380775e-01,-2.147851178212353274e-01,2.412076997549502944e-01,2.228442882025693517e-01,6.415149265924437183e-03,7.489380267381537393e-03,6.296187573913814006e-03,5.847790673819995740e-03,8.025316100429570262e-03,5.132349594757492847e-03,4.663560474093409250e-03,9.207818178862207372e-04,3.200747286789371645e-03,2.802671033842058998e-03,3.407576398552216584e-02,2.846235986627930308e-03,8.319713928413585008e-03,8.166969147005445628e-03,-7.677326995915993713e-03,7.415610126286420467e-02,6.070842003371157425e-04,-2.977040790017662641e-03,-3.053735467508644774e-04,-2.153335523146224836e-03,0.000000000000000000e+00,8.707689107807681239e-02,-3.096758696246677822e-02,8.768888336757840740e-02,-3.157086630016536777e-02,-3.822405922186644656e-01,-1.331184559659748246e-01,-2.591558521676980420e-01,-2.866710470018919432e-01,-1.497446901619663984e-01,-2.543332635415822551e-01,-4.717756433115016801e-02,3.801767555961178546e-01,3.212027300461483548e-01,1.674577210363480118e-04,3.469613151380498278e-03,-1.652491721976520958e-03,7.477728488861860173e-04,6.465303341247318966e-03,1.509291409937756328e-03,-9.714472633213034128e-04,-4.321678320165228335e-03,1.873510112554170083e-03,-1.645521101016423141e-04,-3.536606795716282919e-02,-4.168598004328223465e-04,-9.786331311830827329e-03
6.715063520871143721e-02,4.388193983373780971e-02,3.246900337524319280e+00,1.034330859189408203e-01,1.206924198675515536e-01,3.990214805340345783e-01,4.162329507784292247e-03,8.348457350272232846e-02,-2.165919965734001806e+01,1.112718966318275299e-01,-1.527308584016128457e+00,9.429968592226403712e-03,-5.874731382330646845e-01,-6.734075195860149687e-01,-4.878089469094475383e-01,-7.161512591075820389e-01,4.008740304998582582e-01,-7.969807644241615197e-02,2.829831533406058225e-02,5.196440157578503805e-02,-1.103808383654168723e-01,4.220002503820244680e-03,3.093007771915077479e-03,8.141185938797671981e-03,2.918113459795192328e-03,1.423144327822345326e-03,2.950352306790832158e-03,5.287531485200632972e-03,7.598542330326715430e-03,1.375095989815509380e-02,6.270095907952038909e-03,2.734696780791693801e-02,1.126362641790324901e-02,6.838959079652173235e-03,-5.444646098003630419e-03,-1.734362962965144833e-02,-5.549314615485112512e-02,1.100190989056383517e-02,4.073060659443498988e-02,-1.967768822639217041e-01,7.372212546579485180e-04,-4.174228675136114342e-02,-4.518751820277877584e-01,2.661562942392922682e-01,-8.076732459316970925e-02,2.298169914806581504e-01,-2.959702945694745457e-01,-9.559014366074558566e-02,-2.733690274503604023e-01,-1.984563443951923301e-01,1.630857985705888580e-01,4.134778697810219117e-01,2.430834331552959027e-01,-1.892432981791652424e-01,-3.332251265679861962e-01,-2.195146762104192503e-03,-4.396372495466460348e-03,1.844998364883857975e-03,-2.929677214024803411e-03,-6.602171772607225153e-03,-2.181997287966660690e-03,6.239710111072237220e-04,6.677760512440495018e-03,1.055021261136572172e-02,3.467424874109979911e-03,-6.728796177605227830e-03,8.417390431275317830e-03,-1.480754848761411772e-03
6.896551724137930939e-02,5.061146366334445118e-02,3.230126693395808601e+00,9.119681303312095200e-02,9.030716466767381434e-02,4.175493215567300243e-01,3.904301362324540808e-03,8.439201451905625762e-02,-2.109033651880202598e+01,3.779413347807580870e-01,-1.570411166624779975e+00,6.589772075308256150e-02,-4.532867895319393492e-01,-4.025509028404776757e-01,6.631265652710062464e-02,-3.223691672882241788e-01,1.900947015126616957e-01,-2.229235808282342690e-01,1.242202069162100936e-01,-6.910562922152732601e-02,-9.660310956027687301e-02,6.833102201572099910e-03,7.429998989402736113e-03,1.094090743624241344e-02,3.567964366877568547e-03,5.247087201628590665e-03,6.699620498654944474e-03,5.516328545071391698e-03,1.365043911074326211e-02,4.460078458280828349e-03,5.881021764541820643e-03,1.593887857345763562e-02,1.285089972139907485e-02,3.874747072780977426e-03,1.814882032667872180e-03,6.729523829606641472e-03,-1.677364412851067854e-02,-1.223627288581986827e-02,-3.038525519987773926e-02,1.852784102269544597e-02,-2.580281454597514387e-04,9.074410163339291513e-04,5.688631385379920857e-01,2.666694381489305710e-01,-4.310258260865151847e-02,5.646775216085615778e-02,1.341863487011253353e-01,2.708566167455372931e-01,5.541216034365481491e-01,3.937820918193578601e-01,-2.107793289871965625e-01,-1.432255043858181032e-01,9.592189158214950440e-02,-1.210700307973123641e-01,1.377772880513999931e-02,2.613099697751855230e-03,4.336991217487658201e-03,2.799721497444741455e-03,6.498509070823762189e-04,3.823942873806245556e-03,3.749268191864112316e-03,2.287970598707587261e-04,6.051896780416546676e-03,-9.290881439874266318e-03,-3.890741434102182664e-04,-1.140808923445930240e-02,1.587273303495825849e-03,-2.964212006871195810e-03
7.849364791288565568e-02,6.890601532135796903e-02,3.286234042139248857e+00,1.212035497622685060e-01,1.507787566335120899e-01,5.470366484069076884e-01,2.629947253501092180e-03,1.152450090744101679e-01,-2.099983592623412321e+01,-9.839149022189969118e-02,-1.680187361227316156e+00,-2.742224728833796976e-01,-7.283329909317746154e-01,-7.978128033041664846e-01,-3.595090683180654501e-01,-7.252379680004417128e-01,2.685121110496511282e-02,-5.870496265684785886e-01,-2.692157411007071177e-01,-2.017038343373123710e-01,-2.409688053791681772e-01,1.621640633796323297e-02,6.342660802617418672e-03,6.507848047791429773e-03,7.766067028502240260e-03,7.633261181054082009e-03,3.718197992876777231e-03,4.285263839707894457e-03,6.025455742789080985e-03,4.674096315830381793e-03,6.068873319814980724e-03,6.587178981770398442e-03,1.453612487684618169e-02,3.714411005324837287e-03,9.528130671506346294e-03,1.829455165801351785e-02,5.610734874344025513e-02,3.000673672914755397e-02,6.047159196583827556e-02,1.294873268501776642e-01,-1.274354108823448628e-03,3.085299455535391033e-02,9.050059256790277118e-02,-4.763328250026577781e-01,-1.097761946025361812e-01,-3.401201936364622869e-01,-2.750462013998352662e-01,-3.952619004636888089e-01,-4.258217248451660608e-01,-4.028688007122175341e-01,-1.632434904076965898e-01,-3.641260457402443196e-01,-3.934359480169172252e-01,-1.325982051157850450e-01,-1.443656958188913042e-01,9.383304136391133060e-03,-1.087338186785317441e-03,-4.433059388450983664e-03,4.198102661624672147e-03,2.386173979425491344e-03,-2.981422505778167243e-03,-1.231064705363497241e-03,-7.624983367954181121e-03,2.140178575495534433e-04,1.878515552731600813e-04,-9.351699591687237176e-03,1.685225155447106840e-03,-1.603360674561401383e-04
7.441016333938293981e-02,4.449573196712821449e-02,3.269286336519980463e+00,1.061969135247318313e-01,1.261549697374430845e-01,4.756782556320208744e-01,3.587621371177274286e-03,8.983666061705988803e-02,-2.163165022722173347e+01,2.119496864040487927e-01,-1.109365753975471769e+00,2.944492157206003435e-01,-6.504919280844760898e-01,-8.866502523818777792e-01,-1.114240724271815808e-01,-3.177377181791259941e-01,1.563415464552553591e-01,-5.147952531046107172e-01,-7.347775882043311446e-02,-2.797413475255695059e-01,-7.759285532946091912e-02,8.736718049546263881e-03,1.482792080809118389e-02,3.467673041749340379e-02,2.300269515657824351e-03,7.436814500022875460e-03,2.357210994353423593e-03,1.415072471406985527e-02,1.687548143578442017e-02,1.289208180442821296e-03,1.830585536191906004e-03,1.193231355731243920e-02,3.999714744992549122e-03,9.151296367208469965e-03,-4.083484573502715875e-03,-2.441028335422975454e-02,-1.694770561926839392e-02,-1.500663623753667464e-02,-2.462378689606900539e-02,-7.135839277488681409e-02,9.576741176761821052e-04,-2.540834845735027991e-02,-6.318143009876102667e-01,3.103411766259485116e-01,5.708216072518443873e-01,5.686716886039799856e-01,7.784106284729852554e-02,-8.883744907771129462e-02,2.480849958908838693e-01,4.075002498213157187e-01,1.294903353502902532e-01,7.225437346386787141e-02,1.957379822802740033e-01,-7.803751318825713490e-02,1.633759500497072581e-01,-7.479688288416969089e-03,8.485260005473765216e-03,2.816888236970197315e-02,-5.465797512844415909e-03,-1.964466810312065492e-04,-1.360986998523353638e-03,9.865460874361960814e-03,1.085002569299533919e-02,-3.384888135387560497e-03,-4.238287783623074720e-03,5.345134575542040759e-03,-1.053641013185363171e-02,5.436885361883633111e-03
5.898366606170599158e-02,4.944298444761086736e-02,3.270076142545998543e+00,9.101412477795810252e-02,9.010458197949519632e-02,4.031159703458045418e-01,5.018226168752479635e-03,8.348457350272232846e-02,-2.130691593188650046e+01,2.441687520854923243e-01,-1.568084160790437442e+00,3.562964509587256828e-02,-4.412008909265618950e-01,-3.556181644173989631e-01,-1.644730670699861563e-01,-5.516793149531149520e-01,7.303315541598069671e-03,-4.668387997228533037e-01,-1.365416986656794451e-01,3.590183735103621293e-02,7.197929482245474242e-02,3.215836220972744571e-03,5.446256936956717955e-03,1.603265550401522955e-03,1.112182368815819652e-02,1.233401675618938341e-02,1.987651383846484460e-02,9.383853921259240061e-03,2.795199945834512655e-03,7.348209775579895957e-03,5.392974149459038927e-03,2.000863234375605589e-03,2.154559173479561954e-02,6.406659680660223809e-03,-1.542649727767694823e-02,4.947252480482652870e-03,7.898060260180805869e-04,-1.518278874677372881e-02,-3.605038775794788819e-02,-7.256228528621633256e-02,1.430604797575205350e-03,-6.352087114337559570e-03,3.247342953352330142e-01,3.221906568144353167e-02,-4.587184068149656735e-01,-2.588195706247277683e-01,2.092910371579141948e-01,5.310320879644787606e-01,-5.304899464280457555e-02,-2.339415967739889579e-01,-1.490382309136572825e-01,4.795645338175741346e-02,-6.306393984524633067e-02,3.156431848766056980e-01,1.495721501519156615e-01,-5.520881828573518876e-03,-9.381663871134465066e-03,-3.307346486709188127e-02,8.821554172500372173e-03,4.897202256166507950e-03,1.751930284411142014e-02,-4.766870792810615209e-03,-1.408028148994990708e-02,6.059001595137074661e-03,3.562388613267132922e-03,-9.931450322936833178e-03,1.754587698980307128e-02,-2.744636686548246156e-03
6.715063520871143721e-02,5.865154115583430527e-02,3.249284929941091971e+00,9.966026167879953046e-02,1.147767664511032681e-01,4.158656286623865217e-01,2.835053576686818230e-03,8.439201451905625762e-02,-2.102713942560316696e+01,1.344228885840638710e-01,-1.611578391796403054e+00,7.023356186778730026e-02,-6.277046991312560387e-01,-5.561741505476891501e-01,-3.028546327415959638e-01,-4.811731010703234057e-01,4.109450606187843580e-02,-3.017355348446034147e-01,4.349540164122085023e-02,-9.681369599140128568e-03,-2.275467619795620566e-01,1.014007535111711641e-02,4.346146351818112354e-03,1.002235362308487483e-02,1.471430410080856906e-02,2.412226805059715460e-03,1.473966382716961586e-02,1.110753003071260694e-02,1.245254826352635256e-02,1.100898788955857570e-02,2.738559556301931822e-03,3.992939218148277257e-03,1.718084686775660230e-02,4.836339744393685844e-03,8.166969147005445628e-03,9.208556708223437914e-03,-2.079121260490657264e-02,8.646136900841427941e-03,2.467218447160807182e-02,1.274965831658197990e-02,-2.183172592065661406e-03,9.074410163339291513e-04,2.797765062833335037e-01,-1.097458635014284534e-01,-4.349423100596561120e-02,3.460391677191473198e-02,-1.865038082046941437e-01,-2.005559861302901870e-01,-1.383815656716098075e-01,7.050621388279154633e-02,3.379119052028036613e-02,1.651032648782498891e-01,1.800371003069002884e-01,-4.558320695017634150e-02,-2.995260568020168268e-01,6.924239130144371410e-03,-1.100110585138605601e-03,8.419088072683352311e-03,3.592480412650372532e-03,-9.921789951129668383e-03,-5.136850011295228738e-03,1.723676109453366884e-03,9.657348317691839476e-03,3.660778113978679742e-03,-2.654414593157107104e-03,1.992075983772671668e-03,-4.364744867039017234e-03,-1.570319936266537965e-03
7.713248638838475502e-02,4.807700963020843793e-02,3.292816104134557609e+00,1.003311163688206248e-01,1.141896589389265054e-01,4.984437916998240015e-01,3.249176178322372380e-03,1.007259528130671489e-01,-2.116338464425330557e+01,8.362566803494739243e-02,-1.234523688743679015e+00,6.858932121362898426e-02,-7.153868880388922769e-01,-4.033711295819922826e-01,4.682323068844318481e-02,-3.244879006628285656e-01,-4.596714216494122984e-03,-5.230203383115786808e-01,-3.117791095374921606e-01,3.862529489023706041e-03,-1.835137723591256653e-01,4.993222140970615675e-03,3.014339796130011736e-03,9.012279732794869699e-03,1.491438813996633431e-02,1.059826395340598103e-02,1.230409646380156534e-02,8.187649826552961460e-03,1.842484451206291216e-03,4.507254206607966447e-03,6.412116333126565218e-03,1.044847361295332677e-02,2.077004494313409999e-02,5.161196176975049038e-03,9.981851179673317809e-03,-1.057453152562586735e-02,4.353117419346563821e-02,6.708546900210943242e-04,-5.871075121767627136e-04,8.257816303743747977e-02,4.141226016355541509e-04,1.633393829401089126e-02,-1.362452186501386109e-01,-5.079722054911647855e-02,3.770547030527240384e-01,-1.644240654158315995e-03,-8.768218890763623818e-02,1.528030209656968674e-01,3.496778634300391486e-01,1.566852004074948401e-01,-4.569122027837255878e-02,-2.212848034669752662e-01,-3.552745111787130039e-01,1.354389908816383548e-02,4.403298962043639131e-02,-5.146853210146500740e-03,-1.331806555688100618e-03,-1.010073890290005133e-03,2.000840391577652505e-04,8.186037148346266001e-03,-2.435567363368050520e-03,-2.919880204159645484e-03,-1.061006381232006135e-02,-6.501733682950609251e-03,3.673556776824633396e-03,6.455534394805049515e-03,3.589198075377497688e-03,3.248564325813631942e-04
6.442831215970962200e-02,4.447127793620520020e-02,3.275833009575100707e+00,9.044061317412188661e-02,9.722289580192999825e-02,4.004310421401566789e-01,2.727501128977855103e-03,7.985480943738657023e-02,-2.119180904474720606e+01,3.591442154215851446e-01,-1.281372724290667620e+00,5.525472458078495297e-02,-4.288887885555565660e-01,-2.905586357101673234e-01,-4.424619267112245291e-02,-4.356364530003890012e-01,-1.828603653290175324e-01,-6.008433768872429859e-01,-4.774696539276656049e-01,1.396250488182311789e-01,-1.695877360386945920e-01,6.755366703715170833e-03,1.136585814613298370e-02,1.282934934524495793e-02,5.737400187077233184e-03,2.474528318813862260e-02,2.510253118106112180e-02,6.442446635587207975e-03,1.566943542516620715e-03,5.766457590029514836e-03,8.902254259297623373e-03,9.244470477570654321e-03,2.068063933569358730e-03,7.362302109170913884e-03,-1.270417422867513302e-02,-3.605731694003237731e-03,-1.698309455945690161e-02,-9.890503194698738176e-03,-1.696676313699650718e-02,-9.801274955966732261e-02,-5.216750493445172776e-04,-2.087114337568057865e-02,-2.842440049390049239e-02,2.755185473866377244e-01,-4.684903554698860439e-02,-1.333459663284403129e-02,2.864980994833357109e-01,1.128124938718249592e-01,-9.106942335956563772e-02,-1.111485523375604356e-01,-1.782636511125234025e-01,-7.782303857566430505e-02,-1.656905443901734443e-01,1.357625193292074650e-01,1.392603632043107331e-02,1.762144562744555158e-03,8.351518350002971533e-03,3.817069612450088231e-03,-9.176987952889101990e-03,1.414701923473264157e-02,1.279843471725955646e-02,-1.745203190965753486e-03,-2.755409086896705006e-04,1.259203383421548389e-03,2.490137926171058155e-03,-1.204003135382672451e-03,-1.870198100956474083e-02,2.201105932195864846e-03
6.669691470054446569e-02,4.204418788050028749e-02,3.283021645431695390e+00,9.110071270360252382e-02,8.442887035890660197e-02,5.029913486153325675e-01,3.006325419090683827e-03,1.007259528130671489e-01,-2.130758120813249334e+01,2.538346600139790299e-01,-1.332240829275768590e+00,-2.003651000643869862e-01,-5.815209383857200542e-01,-3.339920708066227428e-01,1.683008652975269415e-02,-1.059268030767812063e-01,4.587192898994754686e-02,-4.122097998963730747e-01,-5.544099320887074800e-01,1.225505576178374523e-01,2.251995139630344478e-01,1.614429354539587136e-02,1.997099302831833664e-02,1.400970010116531911e-02,1.997583680666549164e-02,1.881614471656223309e-02,7.293795430387276651e-03,4.300037646485344901e-03,2.641014000432344386e-03,1.130065763676328314e-03,1.888675545557948199e-02,5.190406045446838840e-03,9.500462173820667378e-03,6.945694022952464235e-03,2.268602540834843695e-03,-2.427090055704912708e-03,7.188635856594682849e-03,6.600995294806372149e-04,-1.279402544302339628e-02,1.025603064751758886e-01,2.788242901128287245e-04,2.087114337568057865e-02,-1.157721633852872856e-01,-1.053095554076061147e-01,-5.086810498510097034e-02,-2.556198246451719669e-01,-1.526321498301634882e-01,-4.343343509645541944e-02,6.107627920087514706e-02,3.297096499236077949e-01,2.287322943189650792e-01,1.886335769908699111e-01,-7.694027816104187512e-02,-1.707449120039372659e-02,3.947872500017290398e-01,9.388926841680699659e-03,8.605134882185352940e-03,1.180350755920361178e-03,1.423843661958825932e-02,-5.929138471576389513e-03,-1.780873575067384515e-02,-2.142408989101863073e-03,1.074070457915723672e-03,-4.636391826353186522e-03,9.984501196281858615e-03,-4.054064432123815481e-03,7.432398240251308213e-03,-4.166080862184496497e-04
5.989110707803992767e-02,4.446596854813306132e-02,3.253180689879444643e+00,9.949581073218154159e-02,1.215238748666611218e-01,3.637057161963387353e-01,3.003972637467542880e-03,7.985480943738657023e-02,-2.118837079380285005e+01,4.165295320876750695e-01,-1.324960076135045739e+00,1.508812149768425925e-01,-6.755886126683903203e-01,-5.509070238109095019e-01,-2.080270706374134915e-01,-2.236914581433976368e-01,1.685952161615523193e-01,-2.719133908261603949e-01,-1.222373000578094032e-01,1.786645817341677156e-01,4.210928037151212555e-02,5.699997061652862552e-03,1.548047281626025243e-02,5.165488981999003144e-03,1.232225039272065448e-02,6.236823607803005688e-03,4.820782104317715075e-03,7.862201892387114810e-03,1.650210100915913258e-03,4.121090486887507738e-03,9.372711608377879908e-03,7.859231225418582614e-03,1.013315442533071695e-02,3.659462037823999619e-03,-6.805807622504538024e-03,2.421780667632773831e-03,-2.984095555225074747e-02,8.395098028579017768e-03,3.709500450775451985e-02,-1.392856324189938322e-01,-2.352781623140946798e-06,-2.087114337568057865e-02,1.192104143296432994e-01,1.626948720736960396e-01,7.280753140722850958e-03,3.512463150412296065e-01,-9.406767428267026609e-02,-2.169149530042867591e-01,-2.248571571671661995e-01,-1.177646550666164305e-01,1.227232871716047724e-01,1.402964090702126798e-01,4.321726320308980629e-01,5.611402411633026333e-02,-1.830902335915223222e-01,-1.044429648374300967e-02,-4.490520212058084215e-03,-8.844211119166316831e-03,-7.653586413944837158e-03,-1.257932110875922826e-02,-2.473013326069561577e-03,3.562164245901769909e-03,-9.908038995164311288e-04,2.991024723211179424e-03,-9.514043847201602080e-03,2.668825179971743775e-03,6.326922515100495692e-04,-3.286231985128464615e-03
7.078039927404718157e-02,4.745369265311737139e-02,3.213863977705839314e+00,9.383241138340660259e-02,9.403610636643774945e-02,4.197761511179466942e-01,2.867720856424526600e-03,8.348457350272232846e-02,-2.123923534968433202e+01,2.793786430038847080e-01,-1.574728906590872723e+00,-2.128028695956762917e-02,-6.442221147670923465e-01,-6.714045594018253071e-01,-1.827892512172192563e-01,-4.211778585718009005e-01,9.168066823338760774e-03,-5.737685538122772044e-01,-1.757221389287896285e-01,-4.406429717341654728e-02,-9.374692482323693232e-02,8.402524616453549422e-03,1.012922759332391710e-02,6.765825882524153199e-03,1.838250667518560519e-02,1.582970780222259233e-02,4.725387304696031590e-03,7.409895566855981101e-03,2.607684149298593757e-03,8.944813947792350922e-03,5.365006056441345809e-03,4.295992954030123344e-03,1.274590239086413439e-02,4.581301993594876810e-03,1.088929219600725390e-02,2.987724104984310070e-03,-3.931671217360532822e-02,-5.663399348774939002e-03,-2.748776850022337237e-02,5.607043492160795894e-02,-1.362517810430162804e-04,3.629764065335758239e-03,-5.086455588148197648e-02,-1.371508890837903616e-01,-2.497688304558269845e-01,-1.721615019364102217e-01,3.136649790129797388e-02,-1.204975355909158052e-01,2.523781942019423519e-02,-1.974864004284032637e-01,-1.594271493382135585e-01,-3.018551629861168095e-01,-5.348483887098022527e-02,-2.227288789075842490e-01,-1.358562051947490579e-01,2.702527554800686869e-03,-5.351245222936335325e-03,1.600336900525150055e-03,6.060256282464950711e-03,9.592884194419587507e-03,-9.539479962168348481e-05,-4.523063255311337086e-04,9.574740483826804996e-04,4.823723460904843184e-03,-4.007705551936534098e-03,-3.563238271388459270e-03,2.612747965533417441e-03,9.218399557708771910e-04
6.352087114337567897e-02,4.559415585267870968e-02,3.283755832693926457e+00,1.113546608324333248e-01,1.336038853849729202e-01,4.116245518270429393e-01,3.060888703684960018e-03,8.529945553539020064e-02,-2.143888344589312211e+01,3.649136704260203673e-02,-1.470989436936180006e+00,3.020477763861457721e-01,-3.742978984253556574e-01,-7.029571201845534745e-01,-3.458957294349401801e-01,-2.756929267165834641e-01,7.739817209056064351e-02,-4.139115839932959173e-01,-9.904531426589245624e-02,-1.784809235247920567e-01,-2.392524315143385039e-01,1.204872157755820447e-02,5.305041241495730454e-03,5.571705877770425502e-03,3.707597848530017493e-03,1.292457184678303880e-02,6.750785808485288732e-03,1.745845355327556867e-03,3.635802033810905508e-03,1.428681810985218004e-03,1.434628573145653625e-02,4.660221437070976615e-03,1.439303319475399544e-02,4.654205619511889505e-03,-7.259528130671502599e-03,-1.859536800438661708e-03,6.989185498808714314e-02,1.752224944902672221e-02,3.956777901853517077e-02,-8.151599290903754902e-03,1.931678472604334180e-04,1.814882032667872180e-03,-1.996480962087900934e-01,-2.428872759612826782e-01,1.037394696546927175e-01,3.233280633457134012e-01,2.699242163417366891e-01,-3.155256078272816733e-02,-1.631064782177209238e-01,1.454849318552174364e-01,6.823010526722188274e-02,1.598569698189812871e-01,7.667682466289717225e-02,-1.344166263513755233e-01,-1.455055066911015715e-01,3.646196961104655049e-03,-4.824186351828186649e-03,-1.194120004753727697e-03,-1.467490882665558813e-02,-2.905135955439553525e-03,2.025398503789257142e-03,-5.664050211528424451e-03,1.028117884512311751e-03,-7.516132136807133352e-03,8.981279675015191311e-03,3.642284830408532709e-04,1.647130803889861050e-03,7.290362591701269462e-05
6.941923774954628090e-02,2.829674885862886249e-02,3.234690216031207655e+00,1.208546868480013803e-01,1.414666933349426892e-01,5.216737187638059714e-01,3.318498591922094260e-03,9.346642468239564627e-02,-2.213215511829180926e+01,3.074904759568194423e-01,-1.116739906151122952e+00,5.389683301040342212e-01,-1.886566536621575307e-01,-4.566307401059815918e-01,-3.231104600545444128e-01,-5.494474080322846454e-01,-2.133943891400067461e-01,-1.810010584761960750e-01,-1.892173370544303346e-01,2.427343504594424717e-01,-5.593348351198022816e-02,7.151260853436655976e-03,1.005340950932239168e-03,7.456450065694369966e-03,1.841106308623916693e-02,7.551953721178163333e-03,8.986810121534219778e-03,6.109057216662171046e-03,1.931273148172590144e-03,4.815180959493139089e-03,1.404755664963407841e-02,1.340938859241343727e-02,4.555923991598886794e-04,5.251903169422606626e-03,5.898366606170601933e-03,-1.729740699404984719e-02,-4.906561666271880284e-02,9.500026015568055482e-03,7.862807949969768950e-03,1.100491669367630321e-01,2.576098882371342415e-04,8.166969147005445628e-03,-6.932716723986871443e-01,2.709991089142174125e-01,3.542495307850570541e-01,2.369205537178884491e-01,1.856412447631981266e-01,2.463263800785718827e-01,2.278526938039576732e-02,-2.737544813157011814e-01,-2.907925612305674035e-01,2.329105255170998423e-01,-9.017202278853787834e-02,4.212152739842345284e-01,1.833189480023582618e-01,-4.897460724121548495e-03,-4.299700290563491720e-03,1.884744187923944464e-03,1.470346523770914987e-02,-5.372618125604875471e-03,2.236024313048931046e-03,4.363211861334614396e-03,-1.704528885638315365e-03,3.386499148507921084e-03,-2.987290818224578454e-04,8.749167155342459784e-03,-1.393744079559410681e-02,5.976975499107171214e-04
