1.370235934664246757e-01,4.887918821710293172e-05,3.207007780538464914e+00,1.988077591508815856e-01,1.605388222555574618e-01,1.660780111570246298e+00,0.000000000000000000e+00,2.477313974591651424e-01,-3.136623757109300570e+01,1.321908812017437818e+00,1.972982716023609639e-01,-1.082018686299478921e-02,1.213224633706673772e-01,2.937352867879450269e-01,3.275261443361090485e-01,1.116697714908736760e-01,3.415780002301368468e-01,8.126134601950887881e-02,2.177511531085724872e-01,7.094042554134805112e-02,7.820465133423418203e-02,6.259408674850974741e-03,3.809059439358761234e-03,6.672581084625653358e-02,4.835291921223265448e-03,2.786247317641336527e-02,7.118148267302730654e-03,2.213026155466286254e-02,2.592291270876579019e-03,1.547477623415300079e-03,8.419133870105160317e-03,1.004856366168410155e-02,5.101635660446066090e-03,1.766433751627657922e-02,0.000000000000000000e+00,0.000000000000000000e+00,0.000000000000000000e+00,0.000000000000000000e+00,0.000000000000000000e+00,0.000000000000000000e+00,0.000000000000000000e+00,0.000000000000000000e+00,0.000000000000000000e+00,0.000000000000000000e+00,0.000000000000000000e+00,0.000000000000000000e+00,0.000000000000000000e+00,0.000000000000000000e+00,0.000000000000000000e+00,0.000000000000000000e+00,0.000000000000000000e+00,0.000000000000000000e+00,0.000000000000000000e+00,0.000000000000000000e+00,0.000000000000000000e+00,0.000000000000000000e+00,0.000000000000000000e+00,0.000000000000000000e+00,0.000000000000000000e+00,0.000000000000000000e+00,0.000000000000000000e+00,0.000000000000000000e+00,0.000000000000000000e+00,0.000000000000000000e+00,0.000000000000000000e+00,0.000000000000000000e+00,0.000000000000000000e+00,0.000000000000000000e+00
1.220508166969146990e-01,2.672943291293029396e-05,3.198406401496853846e+00,2.041071509042334808e-01,1.751616279071696869e-01,1.361753524491667200e+00,1.694006961742051303e-03,2.431941923774954550e-01,-3.231296923573864177e+01,1.426665675871009231e+00,1.705414450327287779e-01,2.600551586775644575e-01,1.844380743279476209e-01,6.936263174645043716e-02,-3.065413261968534531e-02,-6.881768941936778489e-03,2.728783510666631940e-01,1.571125314273302542e-01,1.898602646822789564e-01,9.673895746011010321e-02,-4.572816134588292281e-04,3.213777674493348453e-03,3.122743678160218393e-03,3.196157441191966458e-02,2.579511544284021542e-03,2.023251087229126916e-02,1.052735659910396249e-02,5.049365097691849158e-02,1.593115767224165258e-03,1.108233719490628669e-03,3.132423187664462160e-03,8.893056090238121714e-02,5.305930825786356331e-03,2.574552640639123438e-02,-1.497277676950997671e-02,-2.214975530417263776e-05,-8.601379041611068033e-03,5.299391753351895273e-03,1.462280565161222512e-02,-2.990265870785790980e-01,1.694006961742051303e-03,-4.537205081669687390e-03,-9.467316646456360729e-01,1.047568638535714136e-01,-2.675682656963218609e-02,2.708753455405592536e-01,6.311561095728024373e-02,-2.243726550414945897e-01,-3.581802769557944077e-01,-1.185515404328104511e-01,-6.869964916347365280e-02,7.585118540782137542e-02,-2.789088842629353082e-02,2.579853191876205210e-02,-7.866193294769301125e-02,-3.045631000357626288e-03,-6.863157611985428418e-04,-3.476423643433686900e-02,-2.255780376939243905e-03,-7.629962304122096112e-03,3.409208331801231832e-03,2.836338942225562904e-02,-9.991755036524137615e-04,-4.392439039246714104e-04,-5.286710682440697723e-03,7.888199724069711039e-02,2.042951653402902412e-04,8.081188890114655160e-03
1.656079854809437424e-01,4.349670172432325288e-05,3.095438743675086091e+00,2.183591222268357057e-01,1.796735776664365181e-01,1.881568044455905087e+00,1.838452374035871471e-03,3.003629764065335883e-01,-3.111483805327716112e+01,8.246569981985398812e-01,1.434773431943396904e-01,4.410045259176603727e-01,2.129738396868366967e-01,1.425265326671332766e-01,1.925891102500106727e-02,2.094656723953786104e-03,8.147352030038908233e-02,8.427423984908659349e-02,7.250605592580454395e-02,-2.470128451201253073e-01,2.255173125707940207e-01,8.109102248055870960e-03,3.993135245680173341e-03,2.137341212075867178e-02,3.724693907235996672e-03,1.041610674703193073e-02,9.916649366846138139e-03,1.591651806627383467e-02,2.672626883127113533e-03,1.902803114955123548e-03,1.215174266289574014e-02,1.672277749905834096e-02,1.719990483834803185e-03,6.261147266000519247e-03,4.355716878402904335e-02,1.676726881139295892e-05,-1.029676578217677552e-01,1.425197132260222488e-02,4.511949759266831173e-03,5.198145199642378866e-01,1.444454122938201683e-04,5.716878402903813328e-02,1.198131182461480648e+00,-6.020086776724693500e-01,-2.706410183838908745e-02,1.809493672400959152e-01,2.853576535888907584e-02,7.316390092068283946e-02,4.991304364468641258e-02,8.976425665890564592e-03,-1.914048307662741255e-01,-7.283829157824366074e-02,-1.173542087564744124e-01,-3.437518025802354105e-01,2.259745941842528638e-01,4.895324573562522506e-03,8.703915675199549486e-04,-1.058816229116099281e-02,1.145182362951975130e-03,-9.816404125259338420e-03,-6.107072322578243478e-04,-3.457713291064465344e-02,1.079511115902948275e-03,7.945693954644948796e-04,9.019319475231277541e-03,-7.220778340332287271e-02,-3.585940341951553145e-03,-1.948437914039071600e-02
1.519963702359346525e-01,6.398955384418000423e-05,3.272419328001600292e+00,2.229214067155619594e-01,1.861117952083405358e-01,1.750262945618202837e+00,1.405463828127829357e-03,2.931034482758620441e-01,-3.112148644308882695e+01,1.718652425355294611e+00,3.541683756314720766e-01,-2.130935167113313655e-01,3.173398873760665539e-01,2.252011756604473947e-01,3.617512457150466876e-01,1.394493124282497332e-01,-1.684106987330448724e-01,1.091834274936298310e-01,1.798052535215737269e-01,2.292543466340871486e-03,2.024908253077414844e-02,4.668619131204164441e-03,1.452616168736933170e-03,3.721921888778827875e-02,6.098157165299007872e-03,1.940489023598695670e-02,8.711704608660799515e-03,4.773830656108356968e-02,1.975830582421745415e-03,3.971333891349898906e-03,3.153723478965539308e-03,3.083656423180795511e-02,7.723604766865331019e-03,1.506969609864191109e-02,-1.361161524500908993e-02,2.049285211985675135e-05,1.769805843265142009e-01,4.562284488726253695e-03,6.438217541904017738e-03,-1.313050988377022499e-01,-4.329885459080421144e-04,-7.259528130671544233e-03,-6.648389811665822435e-03,8.939954271567547295e-01,2.106910324371323862e-01,-6.540980426289917382e-01,1.043660476892298572e-01,8.267464299331411803e-02,3.424923346900456411e-01,1.373546557042959471e-01,-2.498842190334339408e-01,2.490918764454323753e-02,1.072991975957691829e-01,2.493053885864661701e-01,-2.052682300400198723e-01,-3.440483116851706519e-03,-2.540519076943240171e-03,1.584580676702960697e-02,2.373463258063011200e-03,8.988783488955025963e-03,-1.204944758185338624e-03,3.182178849480973848e-02,-6.967963007053681185e-04,2.068530776394775575e-03,-8.998019183930200393e-03,1.411378673274961415e-02,6.003614283030527833e-03,8.808548832641392712e-03
1.343012704174228744e-01,6.692124869104523624e-04,2.212807606991181508e+00,1.654759439390247056e-01,1.778064068371381368e-01,7.265100887373765470e-01,4.576051299974295654e-03,1.569872958257713114e-01,-2.812688384870014602e+01,2.423085840415616588e+00,2.188155868389075054e-01,-6.791050542859797812e-01,-1.289026920135619980e-01,1.347074330799051811e-01,-6.545477791994900318e-01,-6.128544610069024401e-01,2.451860019388502065e-01,3.276915099289992028e-01,6.494661731860877918e-01,9.594422180893036334e-02,-5.410064575845942997e-03,5.320291411622565456e-03,6.771394555651004399e-03,8.462320399687781741e-03,3.068330216275637779e-03,6.292239993474331265e-03,1.442790328564138441e-02,3.269726914488205183e-02,1.323564691209204620e-02,4.699730372699265080e-02,2.169005043534302790e-02,7.915410036810880193e-03,1.875674922181894350e-03,1.297258397249466746e-02,-1.769509981851177804e-02,6.052229330662723446e-04,-1.059611721010418783e+00,-5.744546277653725386e-02,-8.305388371202399034e-03,-1.023752856880826290e+00,3.170587471846466297e-03,-1.361161524500907327e-01,2.994602594388680927e+00,7.044334150603219769e-01,-1.353527887925645712e-01,-4.660115375746484156e-01,-4.462425793896285242e-01,-9.049374258054221354e-02,-1.016299024914536719e+00,-7.523037734351522010e-01,4.135967006718950789e-01,2.185080824353693718e-01,4.696609196645140649e-01,9.365167834258948665e-02,-2.565914710662009143e-02,6.516722804184010148e-04,5.318778386914071662e-03,-2.875689848810049701e-02,-3.029826949023370092e-03,-1.311265024251262457e-02,5.716198676980584897e-03,-1.504103741620151785e-02,1.125981632967030036e-02,4.302596983564275362e-02,1.853632695637748989e-02,-2.292115419499707318e-02,-5.847929844683436885e-03,-2.097112126147243627e-03
1.678765880217785930e-02,1.382072240405540602e-02,3.144387418579570159e+00,1.170117971048452582e-01,1.845503629272743640e-01,8.868478799712009586e-02,1.250171875778082788e-02,3.085299455535390339e-02,-2.583039085325874495e+01,3.104513650376303779e+00,-7.329586331917046227e-01,-8.631165966029530345e-01,-5.652252537987924041e-01,-4.720349374352599825e-01,-3.919865373524530350e-01,-4.946439821683996652e-01,-2.936465828909436970e-01,3.010480844379631038e-01,1.111396091047573531e+00,1.713247807772472764e-01,-3.284526507418924490e-01,1.465831071490577685e-03,9.126552145422280136e-04,1.444347496242737562e-03,1.510773237162429646e-03,3.553169133326695723e-03,2.732203139226914174e-03,5.403129565866303038e-03,6.857393835024499021e-03,4.556826429601376627e-02,1.909566159876632460e-02,4.669210381038240050e-03,2.528562088389138280e-03,1.227836558163390539e-02,-1.175136116152450116e-01,1.315150991714495420e-02,9.315798115883886510e-01,-4.846414683417944735e-02,6.743956090136227211e-03,-6.378253007402564512e-01,7.925667457806533089e-03,-1.261343012704174149e-01,2.296492995441401064e+00,6.814278099606871919e-01,-9.517742200306120726e-01,-1.840115423169732534e-01,-4.363225617852304339e-01,-6.067423705151651081e-01,2.625612418470369969e-01,1.182104788385027749e-01,-5.388325848297939036e-01,-2.664342549103609903e-02,4.619299178614857393e-01,7.538055896831691305e-02,-3.230425861660465303e-01,-3.854460340131987770e-03,-5.858739341108776602e-03,-7.017972903445044396e-03,-1.557556979113208133e-03,-2.739070860147635542e-03,-1.169570014641447067e-02,-2.729413957901574705e-02,-6.378253077067547183e-03,-1.429039430978884528e-03,-2.594388836576703300e-03,-3.246199655772640143e-03,6.528871662072439300e-04,-6.942183908607620774e-04
2.268602540834845777e-02,4.658451782392709212e-02,3.268309657571105031e+00,8.759039912580827980e-02,1.222498661414055249e-01,1.281112729206452250e-01,2.910580007437117700e-02,3.266787658802177557e-02,-2.574121074657901787e+01,3.161422593635107692e+00,-1.963737642570298592e+00,-2.205950818941746217e-01,2.004529407951923664e-03,-1.350827397495796278e+00,-9.516469612604187001e-01,-2.704232891567545649e-01,5.015460523706063434e-01,8.761220982851005701e-01,1.128042480117293245e+00,-2.714957054841798945e-01,-3.083804736585430417e-01,6.244066930158736215e-04,2.732148325590704353e-04,3.616565159984326972e-04,9.502846168692468971e-04,1.474780659391580588e-03,3.993541112303246321e-04,6.832806533527337623e-04,3.571685478059596311e-05,3.053333542829203984e-03,1.660978253511012637e-01,1.565549254183928179e-02,1.857229933617537618e-03,4.545666526529375251e-02,5.898366606170598464e-03,3.276379541987168437e-02,1.239222389915348721e-01,-2.942139797903697840e-02,-6.230049678586883910e-02,3.942648492352512912e-02,1.660408131659035086e-02,1.814882032667872180e-03,8.918010667972708916e-02,5.690894325880391236e-02,-1.230779009378593969e+00,6.425215147087783851e-01,5.672297832067443313e-01,-8.787924600605363512e-01,-5.596604239079656651e-01,2.242206930116451002e-01,7.951926352615500404e-01,5.750740138471375218e-01,1.664638906971971366e-02,-4.428204862614271708e-01,2.007217708334940731e-02,-8.414243784747040640e-04,-6.394403819831575783e-04,-1.082690980244304865e-03,-5.604886202931827488e-04,-2.078388473935115135e-03,-2.332849027996589542e-03,-4.719848912513569493e-03,-6.821676980243903017e-03,-4.251493075318456272e-02,1.470021637523349356e-01,1.098628216080104261e-02,-6.713321547716006622e-04,3.317829968365984539e-02
6.488203266787659351e-02,1.071651931899935267e-01,3.083736214384871666e+00,1.285151340833695366e-01,1.445219901390864259e-01,4.392489104678659051e-01,4.563870062074269762e-02,5.444646098003629725e-02,-2.324067822607053913e+01,1.126414459917177702e+00,-1.617659794468896628e+00,3.856851671427311556e-01,2.916390472223722163e-01,-1.340157798059231187e+00,-8.494517979844793398e-01,-1.750171861851652910e-01,1.246783539853887124e+00,4.714509321011040033e-01,1.526409771225281375e-01,-6.183548069718080020e-01,8.887499046017027088e-03,4.422935637596825398e-03,1.140102831052698055e-03,4.897885576909478999e-04,5.275030361444327373e-04,1.737294714630941567e-03,3.355693440198879822e-03,6.214907235177146404e-04,5.223512791263568074e-05,1.991020215289132200e-04,2.530164340507345087e-03,1.121540367471642735e-02,1.155806177390765188e-01,3.142430168256515888e-02,4.219600725952813575e-02,6.058067536606643461e-02,-1.845734431862333658e-01,4.092473495756125679e-02,2.227212399768090101e-02,3.111376375472206801e-01,1.653290054637152062e-02,2.177858439201452168e-02,2.500532520508478740e+00,-2.035008133717929990e+00,3.460778481014019636e-01,6.062802490369058050e-01,2.896345178144202892e-01,1.066959943656509147e-02,1.021951632759393602e-01,9.540610297158927389e-02,7.452374874832807805e-01,-4.046711661839965668e-01,-9.754015029947651350e-01,-3.468591014876281076e-01,3.172679727045600862e-01,3.798528944580951885e-03,8.668879984936276196e-04,1.281320416925152026e-04,-4.227815807248141598e-04,2.625140552393609786e-04,2.956339328968555190e-03,-6.178992983501912194e-05,1.651827313203971763e-05,-2.854231521300290737e-03,-1.635676610105939177e-01,-4.440088867122854444e-03,1.137233878054589864e-01,-1.403236358272859363e-02
3.992740471869328511e-02,7.562372499239154722e-02,3.118248630488749562e+00,1.053038705871650743e-01,1.414401389109843366e-01,2.108097224345384102e-01,1.619325535659192628e-02,4.083484573502722120e-02,-2.283697095008619726e+01,1.134933141358041020e+00,-1.477610200899423187e+00,-1.950941199896163714e-01,3.204699198959068407e-01,-5.991507947134127043e-01,-6.926015300812429221e-01,3.365426951766209984e-01,1.014209571697400003e+00,6.210844567811538153e-02,-1.893209176688105955e-01,-5.758313202207167025e-01,1.538964752846994077e-01,6.733044573195207105e-02,1.962840942990639465e-02,1.091217843131839314e-03,8.640284517139857441e-04,5.063180182788093063e-04,4.936892159419200080e-04,1.522479019281369013e-03,1.088843567688001354e-03,5.848464525529446399e-04,2.081876846778056393e-03,3.941597866542025444e-03,1.565810361046141713e-02,1.846594936493246158e-02,-2.495462794918330840e-02,-3.154146819760197951e-02,3.451241610387789649e-02,-2.321126349620446228e-02,-3.081851228102089335e-03,-2.284391880333274949e-01,-2.944544526415077135e-02,-1.361161524500907605e-02,4.037072759843418623e-01,8.518681440863318244e-03,1.400495935694734406e-01,-5.807792871323474992e-01,2.883087267353462435e-02,7.410070033458184824e-01,1.568502679032364178e-01,5.115598813617863172e-01,-2.325739681564871209e-01,-4.093424864229886495e-01,-3.419618947913387608e-01,4.252348675109129950e-02,1.450089762386823911e-01,6.290751009435524566e-02,1.848830659885369529e-02,6.014292854408914138e-04,3.365254155695530068e-04,-1.230976696352132152e-03,-2.862004224256959814e-03,9.009882957636543722e-04,1.036608439775365707e-03,3.857444310240313928e-04,-4.482874937292886941e-04,-7.273805808174401907e-03,-9.992251412861510862e-02,-1.295835231763269729e-02
4.718693284936479465e-02,4.303108894673983269e-03,2.207754443721016813e+00,9.299694069392354379e-02,1.050049702001247531e-01,3.302956575328154232e-01,6.376626897217619466e-03,5.263157894736841813e-02,-2.602484394244110888e+01,9.899928683030128074e-01,-4.123117583948597287e-01,1.658464722525722079e-01,-2.301564452809485295e-01,-1.098882477545791048e+00,-1.033399139621964169e+00,1.052381854392804073e+00,9.733071621948827801e-01,3.738803712715711991e-01,-4.942923141895224637e-01,-3.216831433845755428e-01,-6.532534572528558847e-02,1.256787656839662981e-01,2.202386228932550968e-02,2.618548590279414813e-03,2.347967166417623021e-03,5.933614965844891728e-04,6.128812922218069897e-04,4.136307190158614207e-03,2.667761244315400315e-04,1.144836224283775350e-03,5.441199660288898940e-03,1.100215077587567147e-02,2.395489233483490479e-02,3.379952438772394069e-02,7.259528130671509538e-03,-7.132061609771755961e-02,-9.104941867677327494e-01,-1.230692989324153053e-02,-3.643516871085958342e-02,1.194859350982770130e-01,-9.816628459374306809e-03,1.179673321234119693e-02,-3.187872992354911617e+00,-1.449402730550282126e-01,1.065298442504563514e+00,3.609405922421885515e-01,-5.506263651768553702e-01,-4.997316828323783433e-01,-3.407976095407212469e-01,7.158391592161830186e-01,-4.090240950251722296e-02,3.117719255934557898e-01,-3.049713965207118682e-01,2.541481768361411597e-01,-2.192218210099849962e-01,5.834831995201422705e-02,2.395452859419115038e-03,1.527330747147575499e-03,1.483938714703637168e-03,8.704347830567986648e-05,1.191920762798869817e-04,2.613828170877244977e-03,-8.220674432564613766e-04,5.599897717308307101e-04,3.359322813510842547e-03,7.060552909333646029e-03,8.296788724373487661e-03,1.533357502279147910e-02
9.754990925589836215e-02,1.081740614894653946e-03,3.007270132249856065e+00,1.808341849585690941e-01,1.710462490637434663e-01,1.434294740797513734e+00,7.623861205796034733e-03,2.078039927404718712e-01,-2.717243897622743987e+01,2.315015892187979596e-01,3.694260264589312170e-02,-5.608809187297925103e-01,4.369474854145016796e-01,-3.544963278241600735e-01,-3.529667630463634853e-01,7.656107966498464368e-01,1.181406019355784487e+00,4.128609854691662195e-01,-2.402620971993422727e-01,6.677579026085513070e-02,3.902553690769483552e-02,5.281646406876825545e-02,3.276773985480934889e-03,2.164815210112917138e-03,3.182557800517858519e-03,5.686182271779235964e-03,9.669516579478497050e-04,4.811091274133733921e-03,2.746702535917754356e-03,2.877231090986094152e-03,9.290340565419290611e-03,8.835297930268465327e-03,2.043880582438660845e-02,1.392514997007172385e-02,5.036297640653356750e-02,-3.221368279779329540e-03,7.995156885288392523e-01,8.783724426464555035e-02,6.604127886361871314e-02,1.103999083264698200e+00,1.247234308578415267e-03,1.551724137931034531e-01,-1.147595033786330987e+00,-7.584912790842148755e-01,4.492543610407528365e-01,-7.267273909823647182e-01,6.671039306954502646e-01,7.443861497216309742e-01,6.804323765756006281e-01,-2.867710577429576357e-01,2.080988571609017068e-01,3.898061419759502044e-02,2.540302169901801910e-01,3.884589336454306596e-01,1.043508826329804240e-01,-7.286230161519804960e-02,-1.874708830384457653e-02,-4.537333801664976754e-04,8.345906341002354983e-04,5.092820775194746574e-03,3.540703657260427153e-04,6.747840839751197139e-04,2.479926411486214378e-03,1.732394866702318802e-03,3.849140905130391671e-03,-2.166852845607206146e-03,-3.516086510448296343e-03,-1.987437441765221857e-02
8.030852994555354174e-02,3.386464538993189978e-03,2.525675801386666919e+00,1.601212276765878739e-01,1.363120629612706580e-01,1.472617969461255116e+00,3.898759710595588353e-03,2.096188747731397573e-01,-2.597567025405592034e+01,3.043626174734523904e-01,-9.157313474583361756e-02,-1.656515475263027337e+00,4.554584133173223970e-01,2.472227597964566093e-01,-1.363995796000992966e-01,1.230485870941238624e-01,-2.851173593800433448e-01,2.663698669886236936e-01,-1.946003559348096768e-01,4.565694072261035075e-01,1.060473924002840185e-01,4.210709466791754535e-03,3.864516321479325280e-04,1.785240433481426105e-03,9.873743159806551168e-04,1.338611327649276428e-02,9.682036091946514406e-03,2.274035344664867078e-02,1.329287180899256515e-02,3.737501756432515861e-03,6.040586415587129296e-04,4.174407888446396951e-03,3.075348209228550168e-03,6.596717846492015577e-03,-1.724137931034482041e-02,2.304723924098536249e-03,-4.815943308631891462e-01,-2.071295728198122021e-02,-3.473418610247280824e-02,3.832322866374138215e-02,-3.725101495200446380e-03,1.814882032667886058e-03,1.196768722171519528e+00,7.286102825465443078e-02,-1.285157373917267254e-01,-1.095634556533234827e+00,1.851092790282071743e-02,6.017190876206166550e-01,2.165671834462641887e-01,-6.425622095557226299e-01,-1.466523378735827832e+00,-1.464911184805425259e-01,4.566174126453259596e-02,3.897936169652483906e-01,6.702185549258918296e-02,-4.860575460197649744e-02,-2.890322353333002470e-03,-3.795747766314910322e-04,-2.195183484537203619e-03,7.699931004713528315e-03,8.715084433998664809e-03,1.792926217251493773e-02,1.054616927307481036e-02,8.602706654464217090e-04,-8.686281923860577139e-03,-4.660890041822068376e-03,-1.736345761515805872e-02,-7.328432123579708274e-03
1.061705989110707793e-01,2.465727821508427106e-02,2.244391461240742736e+00,1.221882806045063996e-01,1.039215619668203971e-01,1.134993832606466357e+00,5.153994897820422458e-03,1.406533575317604479e-01,-2.325208406702533637e+01,-5.965057131455997474e-01,-7.580613033220076069e-01,-1.247719013279428690e+00,2.675867485358159881e-01,5.448806022121270853e-01,-5.301164484181493108e-01,-2.099909504060303023e-01,-1.002675002308796443e-01,3.683560066096100982e-01,3.121884115787694758e-01,2.068255460825855485e-01,6.013003765682176649e-01,1.317600109744344839e-03,2.019815853373065247e-03,7.939941903824116734e-04,1.952384642963029973e-03,1.350679127234761558e-02,7.093169313540551024e-03,1.655515473713087618e-02,2.859160699663436042e-02,1.217813965534505962e-03,1.641637981168093214e-03,1.111620305059644528e-02,9.901194166381795808e-03,8.149714845310922565e-03,2.586206896551723755e-02,2.127081367609108195e-02,-2.812843401459241832e-01,-3.793294707208147432e-02,-3.239050099445026087e-02,-3.376241368547887589e-01,1.255235187224834105e-03,-6.896551724137930939e-02,2.723586187030583972e+00,-9.008683306190521378e-01,-6.664881685761739893e-01,4.087964619835986468e-01,-1.878716647815064089e-01,2.976578424156705038e-01,-3.937168688180500142e-01,-3.330395375001541369e-01,1.848498591491636867e-01,1.019861396209864046e-01,5.067887675135791525e-01,-2.497438611435179590e-01,4.952529841679336187e-01,-2.893109357047409479e-03,1.633364221225132827e-03,-9.912462430990143236e-04,9.650103269823748567e-04,1.206779958548512971e-04,-2.588866778405963381e-03,-6.185198709517794602e-03,1.529873518764179527e-02,-2.519687790898009899e-03,1.037579339609380393e-03,6.941795162150048333e-03,6.825845957153246074e-03,1.552996998818906987e-03
7.758620689655172653e-02,5.668906895619191255e-02,3.291570561187970867e+00,1.223203542231993818e-01,1.280440255140899430e-01,9.335608530026191509e-01,6.999382046231176178e-03,1.306715063520871023e-01,-2.232542858124280372e+01,2.228556837128484180e-03,-6.387188914570298692e-01,-1.083422462973999689e+00,-2.433599391823073055e-01,3.730811499168541490e-01,-5.701236831657805482e-01,-4.952336818676061347e-01,-4.459072439551013678e-02,1.596014581249525222e-01,7.232645221349315312e-01,5.662339449134503599e-01,2.311553797445528580e-01,8.680966278020572522e-04,1.143647715687319544e-03,2.849962605854396841e-02,4.005880342500445939e-04,1.088239787052735661e-03,1.848423517749101484e-03,1.182850576702907004e-02,4.173301671252704209e-02,2.297011029792500256e-02,1.245602750039497691e-03,1.642664363367341701e-03,3.986838820612293322e-04,1.340385050489444757e-02,-2.858439201451905276e-02,3.203179074110763802e-02,1.047179099947228131e+00,1.320736186929821754e-04,2.412246354726954589e-02,-2.014329796038472065e-01,1.845387148410753721e-03,-9.981851179673345564e-03,9.266554857825326508e-01,5.987342699827282733e-01,1.193424118649777377e-01,1.642965503054290011e-01,-5.109466877181232380e-01,-1.717994522952729364e-01,-4.000723474763123733e-02,-2.852427314615758602e-01,5.567677583536950747e-02,-2.087545484846575761e-01,4.110761105561620554e-01,3.594083988308648392e-01,-3.701449968236648069e-01,-4.495034819422875872e-04,-8.761681376857457029e-04,2.770563186816155793e-02,-1.551796608712985434e-03,-1.241855148529488057e-02,-5.244745795791449540e-03,-4.726648970101806138e-03,1.314140971589268167e-02,2.175229633239049790e-02,-3.960352311285955228e-04,-9.473538687229103583e-03,-9.502510284320565825e-03,5.254135659583525006e-03
3.811252268602540599e-02,1.686100873402933062e-02,2.310947905531199886e+00,1.240033631264904762e-01,1.404313693595027057e-01,4.739160699073367566e-01,4.432439970562904175e-03,8.802177858439201585e-02,-2.360816426945956437e+01,8.919669675939546627e-01,-3.565713778768391240e-01,-3.617596446620483519e-01,-4.473402448390246811e-01,1.115004501310340318e-01,-5.210370766690241018e-01,-7.624691558708649453e-01,-5.273595133868043128e-01,-3.063060079873154429e-01,9.920357638893029240e-01,2.447845787082559288e-01,-4.475150904267879287e-02,1.069472015415198545e-03,1.481880300388188371e-03,7.412127496328208692e-03,3.013625283966501599e-03,8.956151091676677403e-03,2.933244485082552467e-03,6.374117105110949089e-02,6.685443021895845495e-02,2.905328384177257098e-02,1.355026899999928159e-03,3.210682542913695196e-03,1.094025582473508434e-03,2.333127906988268288e-02,-3.947368421052632054e-02,-3.982806022216257846e-02,-9.806226556567709807e-01,1.683008903291094427e-03,1.238734384541276268e-02,-4.596447830952823943e-01,-2.566942075668272004e-03,-4.264972776769508644e-02,-1.282735688216760650e+00,8.897384107568261369e-01,2.821475135801907452e-01,7.216628183119513373e-01,-2.039803056567173756e-01,-2.615806997858201033e-01,4.908660649675644638e-02,-2.672354740032588105e-01,-4.827687889912941621e-01,-4.659074661122679650e-01,2.687712417543713928e-01,-3.214493662051944312e-01,-2.759068887872316300e-01,2.013753876131412933e-04,3.382325847008688276e-04,-2.108749856221575972e-02,2.613037249716457060e-03,7.867911304623942392e-03,1.084820967333450983e-03,5.191266528408042258e-02,2.512141350643141285e-02,6.083173543847568421e-03,1.094241499604304679e-04,1.568018179546353495e-03,6.953417004122791015e-04,9.927428564988235310e-03
5.762250453720508397e-02,7.406650973365281037e-04,2.758602767810454104e+00,1.196888000347879344e-01,1.532809556652293681e-01,3.868022031410862094e-01,8.513735011548203072e-03,7.350272232304899678e-02,-2.805296276753348650e+01,1.969617660136649739e+00,6.692522273510125297e-01,1.388707473306598494e-01,2.376678135573240258e-01,-6.295966846591422028e-03,-8.181126509529004220e-01,-6.199924001812626706e-01,-3.207655768209036751e-01,-5.534902749539635236e-01,4.212377618486742858e-01,2.884971349330960333e-01,-1.751786648459423279e-02,4.998058689635085684e-03,7.487230165281899162e-04,1.141283573693927834e-02,1.595194617389833133e-02,7.742453534015542038e-02,8.414306852886842270e-02,3.677693510591151932e-02,5.632214495930563947e-03,1.016092216025759991e-02,4.727691675518282816e-03,7.544251790452571535e-03,7.837260694324345170e-04,2.799659147072057486e-02,1.950998185117967798e-02,-1.612034363669280143e-02,4.476548622792542176e-01,-4.314563091702541819e-03,1.284958630572666238e-02,-8.711386676625054726e-02,4.081295040985298897e-03,-1.451905626134301908e-02,-4.444798498073922133e+00,1.077650692542694966e+00,1.025823605227851765e+00,5.006303919927082013e-01,6.850080583963487069e-01,-1.177964169776254538e-01,-2.970755742838763203e-01,1.424767556896022747e-01,2.065939365659006377e-01,-2.471842669666480807e-01,-5.707980020406286936e-01,4.371255622484010450e-02,2.723364255808456008e-02,3.928586674219886922e-03,-7.331572838599984552e-04,4.000708240611069652e-03,1.293832088993182930e-02,6.846838424847874471e-02,8.120982404378586372e-02,-2.696423594519797157e-02,-6.122221572302789100e-02,-1.889236168151497280e-02,3.372664775518354439e-03,4.333569247538876339e-03,-3.102995130410739167e-04,4.665312400837891976e-03
1.243194192377495427e-01,2.801965632944149903e-04,2.916238194527078331e+00,1.970370303091290298e-01,1.745952069177358068e-01,1.494899439084077741e+00,6.098270812419022933e-03,2.295825771324863929e-01,-2.893737218817678070e+01,1.502883624139271346e+00,1.020807164757213226e+00,1.374907374644638303e-01,4.772263046211078774e-01,2.214202538329516357e-01,-5.751312935722212583e-01,-4.358983733314382714e-01,-2.756086096227067239e-01,-1.861427550805434816e-01,3.764269611742651067e-01,1.894678162782342801e-02,-8.855833727059153615e-02,2.278244821267959297e-02,1.266787738748724858e-03,1.508200266881432224e-02,1.828866249514309386e-02,9.419417681787292662e-03,1.499736546785684736e-02,1.703516683632627648e-02,2.112170747204276770e-03,5.594534710766443063e-03,1.948100963515263934e-02,3.010134866638333739e-02,3.690128457306889823e-03,8.621895786270135018e-03,6.669691470054445182e-02,-4.604685340421131134e-04,1.576354267166242273e-01,7.734823027434109544e-02,2.131425125250643871e-02,1.108097235942991476e+00,-2.415464199129180138e-03,1.560798548094373961e-01,-8.844094206432941974e-01,-4.667340359973783936e-01,3.515549374062006960e-01,-1.380009866196019175e-03,2.395584910637838516e-01,2.277162206795430577e-01,2.429813573806791638e-01,1.840940268498243992e-01,4.515696719819695115e-02,3.673475198734200697e-01,-4.481080067440917913e-02,-2.695503533052726053e-01,-7.104047078599730336e-02,1.778438952304450815e-02,5.180647222205349419e-04,3.669166931875043891e-03,2.336716321244762529e-03,-6.800511765836812772e-02,-6.914570306101157360e-02,-1.974176826958524283e-02,-3.520043748726287176e-03,-4.566387449491156846e-03,1.475331795963435652e-02,2.255709687593076412e-02,2.906402387874455415e-03,-1.937469568445043810e-02
9.573502722323048997e-02,7.334578644023644328e-04,3.150654442838029201e+00,1.841408090652160434e-01,1.853632190012132752e-01,9.678137845901980674e-01,2.412867259100530924e-03,1.969147005444646104e-01,-2.768329480068598514e+01,2.221383323154261458e+00,5.008369914469661399e-01,-3.321043377063028768e-01,-7.231496125761335825e-02,-1.123831146563158412e-01,-1.441519372056614123e-01,-3.647355580411665299e-01,-1.729226276491403202e-01,-2.257250777983627887e-01,-1.172127202175825625e-02,-5.321676199084376946e-02,-1.532396183734382189e-01,2.186655009179580209e-02,3.471016567860177662e-03,7.744726688787982767e-03,6.755070503615769051e-02,1.390732885886809128e-02,1.803025111174950609e-02,1.109147457797799406e-02,8.652378426658242222e-03,6.025301340334300072e-03,7.477209314616440824e-03,1.252207929352862174e-02,7.541217551625155942e-04,1.684829858783665549e-02,-2.858439201451905276e-02,4.532613011079494425e-04,2.344162483109508699e-01,-1.289622124391298641e-02,1.076801208347746841e-02,-5.270856544938796739e-01,-3.685403553318492009e-03,-3.266787658802178251e-02,1.254077387490795559e+00,7.184996990149901119e-01,-5.199701733102470858e-01,-4.695950751707667070e-01,-5.495412658787212079e-01,-3.338033684892675046e-01,4.309793563665598182e-01,7.116281529027174146e-02,1.026859819735664037e-01,-3.958232271781930711e-02,-3.881482331960233734e-01,-7.216354361866719747e-02,-6.468128110284668275e-02,-9.158981208837908838e-04,2.204228829111453021e-03,-7.337275980026339468e-03,4.926204254101460012e-02,4.487911177080798619e-03,3.032885643892658731e-03,-5.943692258348282423e-03,6.540207679453965452e-03,4.307666295678570095e-04,-1.200380032053619851e-02,-1.757926937285471392e-02,-2.936006702144374446e-03,8.226402801566520470e-03
1.238656987295825712e-01,3.396899498152728260e-04,3.105826314611534578e+00,1.879993256543753821e-01,1.726088423563466034e-01,1.326227308932965254e+00,2.076144991800996185e-03,2.441016333938293981e-01,-2.839472896498445564e+01,1.992891905360682614e+00,4.414243395114247903e-01,-3.880196297242261561e-01,1.399304830966103252e-01,1.248691886381106536e-01,1.600869702417575535e-01,-2.114940183653929162e-01,-1.927807146140141370e-01,-4.127335107429234151e-01,-1.964754397756997978e-02,-4.313653216966382153e-01,-2.391630205072210469e-01,2.834990065260442962e-02,7.401088615333319999e-03,1.625905525311064845e-02,2.843389719794065310e-02,2.788631191767620629e-02,7.498014576781364751e-03,1.583016204637725452e-02,1.270278100295068463e-02,1.141434344213337372e-02,1.405817463203721564e-02,1.760825510335506036e-02,1.878909138338699441e-03,8.325620030107000816e-03,2.813067150635208125e-02,-3.937679145870916068e-04,-4.482812822649462348e-02,3.858516589159338706e-03,-1.275437664486667177e-02,3.584135243427671869e-01,-3.367222672995347395e-04,4.718693284936478771e-02,-7.114341642984705061e-01,-2.284914177935788437e-01,-5.941265193554134960e-02,-5.591529201792327930e-02,2.122454443542236835e-01,2.372523032944264809e-01,3.042389074474189936e-01,1.532415396757736137e-01,-1.985808696487381675e-02,-1.870084329445606264e-01,-7.926271955811723530e-03,-3.781485597057944181e-01,-8.592340213378282798e-02,6.483350560808627538e-03,3.930072047473142337e-03,8.514328564322666548e-03,-3.911680783821704088e-02,1.397898305880811501e-02,-1.053223653496814134e-02,4.738687468399260458e-03,4.050402576292442408e-03,5.389042101799073649e-03,6.580965317420774813e-03,5.086175809826438618e-03,1.124787383176183847e-03,-8.522678557729654672e-03
3.266787658802177557e-02,1.821118203710386709e-03,3.135216434475515790e+00,1.645786667547367854e-01,1.931709947846604880e-01,2.097953206641595403e-01,1.540426960610829371e-02,1.270417422867513649e-02,-2.886578850304378818e+01,2.697861869005500957e+00,1.060107949424265339e+00,2.250513016255036858e-01,-1.427081053975088887e-01,-4.191725165469742387e-01,-3.469630360763187316e-01,-6.033431106535567245e-01,-1.836228935912763705e-01,-2.635469441383399558e-01,-1.263181409871362293e-01,-1.335583871593235827e-01,1.981249938641408206e-02,1.048837309509924797e-03,9.594550702595378879e-04,4.619973614633763465e-03,4.801130780758181699e-02,2.155414546249445895e-01,3.261170002501295045e-02,5.012371000518854765e-03,5.077921134655937656e-04,2.847051600711740516e-03,2.611923531467994549e-03,2.467615773923628134e-03,1.263420315617524157e-04,5.884718592677985749e-02,-9.119782214156080258e-02,1.481428253895113829e-03,2.939011986398121223e-02,-2.342065889963859671e-02,2.056215242831388457e-02,-1.116431988268805631e+00,1.332812461430729796e-02,-2.313974591651542512e-01,-4.710595380593325388e-01,7.049699636448183426e-01,6.186836099128405486e-01,6.130709313497297863e-01,-2.826385884941192139e-01,-5.440417051850848784e-01,-5.070500063180762851e-01,-3.918490922881637806e-01,9.157821022737766548e-03,1.491865666045834593e-01,-1.066705970095662426e-01,2.978069345373146604e-01,2.589755198936351532e-01,-2.730106334309450461e-02,-6.441633545073781678e-03,-1.163908163847688498e-02,1.957741060964116389e-02,1.876551427072683798e-01,2.511368544823158744e-02,-1.081779104585840062e-02,-1.219498888948509011e-02,-8.567291841421633206e-03,-1.144625110056922065e-02,-1.514063932943143266e-02,-1.752567106776947107e-03,5.052156589667285841e-02
7.667876588021778350e-02,1.294084276028648235e-02,2.039699905455511164e+00,1.432869427629366310e-01,1.521829408203705380e-01,7.227915225279655242e-01,2.136024182405446212e-02,1.388384754990925618e-01,-2.361175692390815684e+01,1.229935172475257410e+00,-2.481050053058748150e-01,-9.262753163823509439e-01,-5.956828016499156053e-01,-2.780829178119028078e-01,-7.524319487775192883e-01,-4.377661757788325891e-01,2.106206078346984645e-01,2.676391262495499482e-03,8.957772452909550376e-01,-4.647178722392042438e-02,6.668309434814019554e-02,4.238136284933399778e-03,3.093224259355625838e-03,5.782923813528604434e-03,2.985455123590791387e-03,4.536260523661304715e-03,3.082051531426884417e-03,6.449094561723627515e-03,6.042168695079182250e-03,5.675228945409958176e-02,3.013563337168543091e-02,1.268098964228907798e-02,6.444433635547416189e-03,1.533995378127122125e-02,4.401088929219600793e-02,1.111972455657609521e-02,-1.095516529020004626e+00,-2.129172399180015440e-02,-4.098805396428994996e-02,5.129962018638060117e-01,5.955972217946168407e-03,1.261343012704174149e-01,5.254031579135631347e+00,-1.467926696530243547e+00,-1.308212954730140209e+00,-1.151326618007854741e+00,-4.529746962524067166e-01,1.410895987350714309e-01,-4.054689127012005567e-01,1.655769348747241354e-01,3.942435014259748627e-01,2.662233354008354813e-01,1.022095386278091267e+00,8.708659993540315836e-02,4.687059496172611694e-02,3.189298975423474763e-03,2.133769189096087950e-03,1.162950198894840970e-03,-4.502585268399102864e-02,-2.110051941012832943e-01,-2.952964849358606647e-02,1.436723561204772751e-03,5.534376581613588593e-03,5.390523785338784124e-02,2.752370984021743766e-02,1.021337386836545028e-02,6.318091603985664072e-03,-4.350723214550863971e-02
4.219600725952812881e-02,1.358920724153363513e-01,3.288133423027302271e+00,1.332943706956658814e-01,1.537139163583189638e-01,3.453717393880014752e-01,1.232253874714499958e-02,7.168784029038112460e-02,-2.186866776587546823e+01,6.215905631888852811e-01,-6.788827443989835508e-01,-5.393735664254087903e-01,-2.338207326616786319e-01,-4.298379417088969423e-01,-1.216729052135425482e+00,-4.842145446499951933e-01,1.011569144912305207e+00,5.916784576069211710e-01,2.047966064155511967e-01,-9.320990515175439084e-01,2.122139170325789970e-01,2.239089454895406596e-03,1.231782316177691076e-03,2.964967590238521897e-03,3.443991480100294785e-04,7.466992556585881321e-04,1.202990581707712951e-03,1.011669402123132949e-03,1.554517203700739216e-04,6.837494970933130070e-04,1.922794381847954537e-02,8.207885327731319347e-02,3.244605354313446349e-02,2.317027883324052073e-02,-3.448275862068965469e-02,1.229512296550498707e-01,1.248433517571791107e+00,-9.992572067270749647e-03,1.530975537948425780e-03,-3.774197831399640490e-01,-9.037703076909462535e-03,-6.715063520871143721e-02,1.743089158032688601e+00,-6.083446092863721288e-01,-4.307777390931087358e-01,3.869017499569421537e-01,3.618620689882369734e-01,-1.517550238969941345e-01,-4.642971033579061935e-01,-4.644836887116260415e-02,8.009485370776067148e-01,5.890020663444256455e-01,-6.909806388754038409e-01,-8.856272642936234840e-01,1.455308226844387876e-01,-1.999046830037993182e-03,-1.861441943177934762e-03,-2.817956223290082537e-03,-2.641055975580761800e-03,-3.789561268002716692e-03,-1.879060949719171467e-03,-5.437425159600494350e-03,-5.886716974709108735e-03,-5.606853995700626647e-02,-1.090768955320588554e-02,6.939786363502412070e-02,2.600161990758704730e-02,7.830325051969299482e-03
7.577132486388385435e-02,6.672916518488977711e-02,3.290281730764616608e+00,1.377680252128665461e-01,1.523214487791041127e-01,5.986337773105461224e-01,6.608758616662623910e-03,9.981851179673320584e-02,-2.209277269651943598e+01,-4.001351066077469820e-01,-8.845760587542232933e-01,-2.848833440462741340e-01,-1.698004805488019242e-01,-4.352002476539842402e-01,-1.092811341762396138e+00,-1.069281985872946317e-01,4.105173264322179993e-01,8.526255780309117682e-01,5.862447156732712994e-01,-9.615287453229215409e-01,1.041728232715530972e-01,4.596314789346090009e-03,5.805894328066940830e-04,1.207514414859003730e-03,1.378294276534771821e-03,4.482166147179956692e-03,2.297511991056800772e-03,9.414785524344097822e-04,4.332319421173959372e-04,1.321218045995556194e-03,2.332772568187786374e-02,2.953486409371621282e-02,1.063243455954894154e-02,9.306774513953158107e-03,3.357531760435572554e-02,-6.916290723044657418e-02,2.148307737314336663e-03,4.473654517200664760e-03,-1.392467579214851092e-03,2.532620379225446472e-01,-5.713780130482375673e-03,2.813067150635208125e-02,-2.241049306439677480e-01,-1.021725669796632374e+00,-2.056933143552397425e-01,2.544902223791346563e-01,6.402025211287670770e-02,-5.362305945087297854e-03,1.239177103730293439e-01,3.772863460627005616e-01,-6.010518184800872632e-01,2.609471204239905973e-01,3.814481092577201027e-01,-2.942969380537763247e-02,-1.080410937610258998e-01,2.357225334450683413e-03,-6.511928833709969928e-04,-1.757453175379518166e-03,1.033895128524742451e-03,3.735466891521368668e-03,1.094521409349087822e-03,-7.019084968872316664e-05,2.777802217473220427e-04,6.374685489022431867e-04,4.099781863398318377e-03,-5.254398918359698412e-02,-2.181361898358552195e-02,-1.386350431928736263e-02
9.165154264972777409e-02,5.904073770576626773e-02,3.306584989749509873e+00,1.247816119518512928e-01,1.108557385908964105e-01,6.025880038994800847e-01,7.921491342211761655e-03,1.134301270417422819e-01,-2.297135015511227607e+01,-9.115348706080376173e-01,-9.536230362225249779e-01,-9.157100860678619725e-01,-2.418455589117920468e-01,-1.838801044112865490e-01,-8.364298318402314525e-01,1.013746951042649724e-01,1.653489217085514495e-01,2.984691262398067590e-01,9.893653265696855659e-01,-1.859779325974416919e-01,-4.476066300308028656e-01,4.911134354302015836e-03,3.228630911365783750e-04,6.899097574401630512e-04,3.512542240872609800e-02,4.758628193845686779e-04,2.197897080142744526e-04,4.065617257448570052e-04,6.953094273869619415e-04,4.967225573749596036e-03,5.756515514682683868e-03,3.869492874861520885e-03,7.912227925612985539e-04,9.355276037662504235e-03,1.588021778584391974e-02,-7.688427479123509378e-03,1.630325898489326519e-02,-1.298641326101525328e-02,-4.146571018820770227e-02,3.954226588933962283e-03,1.312732725549137745e-03,1.361161524500907605e-02,-8.785774585928400882e-01,-5.113997640002906353e-01,-6.904697746830168459e-02,-6.308267420215878385e-01,-7.204507836299012258e-02,2.513201432426976911e-01,2.563815099221646854e-01,2.083028936915596041e-01,-2.451684047236665498e-01,-5.541564517911050647e-01,4.031206108964142665e-01,7.755508127254798767e-01,-5.517794533023560044e-01,3.148195649559258277e-04,-2.577263416701157080e-04,-5.176046574188406793e-04,3.374712813219132856e-02,-4.006303327795388176e-03,-2.077722283042526211e-03,-5.349168266895528313e-04,2.620774852695660043e-04,3.646007527754039843e-03,-1.757121016719517814e-02,-2.566537121885469064e-02,-9.841211766987642551e-03,4.850152370934612822e-05
6.261343012704173594e-02,7.340119504525430272e-02,3.298167153781889294e+00,1.203417640081114598e-01,9.613509095039558805e-02,4.903919406560022232e-01,1.574895774684105521e-02,9.437386569872958930e-02,-2.373537958526198466e+01,-1.808109795303454614e+00,-9.395720003034977452e-01,1.580127098345182890e-01,3.343917561401034688e-01,-4.634795129693228960e-03,-7.199233162488698490e-01,-9.989225914687258068e-02,2.666840657133586756e-01,5.255630957599776165e-01,1.386868526727673245e+00,4.849254316837888767e-01,-2.374338147188406190e-01,1.514699647065462511e-04,4.305546358981369201e-04,6.292560792650553694e-03,1.218314979371398071e-02,2.419483225600517430e-04,3.748871911997688172e-05,3.015733236478128354e-04,1.435367180917208408e-03,1.496186461062692062e-02,1.147616785338699628e-03,4.692619720533053665e-04,2.601561397887802631e-03,4.895345168970954147e-03,-2.903811252268603815e-02,1.436045733948803499e-02,-8.417835967620579396e-03,-4.439847943739833047e-03,-1.472064764050082242e-02,-1.121960632434778615e-01,7.827466404629293550e-03,-1.905626134301269259e-02,-7.640294301497085883e-01,-8.965749246954169971e-01,1.405103591902723270e-02,1.073722795902380289e+00,5.762373150518955711e-01,1.792453092815933235e-01,1.165065155913616035e-01,-2.012669542511375531e-01,1.013351440048072261e-01,2.270939695201708575e-01,3.975032001579876795e-01,6.709033642812305409e-01,2.101728153119622466e-01,-4.759664389595469856e-03,1.076915447615585451e-04,5.602651035210390318e-03,-2.294227261501211729e-02,-2.339144968245169349e-04,-1.823009888942975709e-04,-1.049884020970441698e-04,7.400577535302464661e-04,9.994639036877323718e-03,-4.608898729343984674e-03,-3.400230902808215518e-03,1.810338605326504077e-03,-4.459930868691550088e-03
7.123411978221415308e-02,6.983364247519562029e-02,3.305934195521324170e+00,1.334135256712423445e-01,1.469684671953710997e-01,6.510608016707725154e-01,1.626224735385858530e-02,1.188747731397459123e-01,-2.272152826327195285e+01,-1.262465940318102220e+00,-9.733922911101832165e-01,-1.457309116559434015e-02,-5.346436206810898373e-01,-6.613666441770746918e-01,-4.746848645840053282e-01,-9.218457728177817390e-02,-1.419983044415568940e-01,-4.529850200098492485e-02,9.027142577350852903e-01,6.197780764141058718e-01,1.507755190412421176e-01,8.201797072491949546e-04,6.491109524208182619e-04,8.654413464079878382e-02,2.340696041658609037e-03,1.092401456285135982e-03,7.064540940883220089e-04,1.048875930490999250e-03,1.140845801482559194e-02,4.517837091360651057e-03,8.987371899117404519e-04,7.772965201694490922e-04,5.558240071963136504e-04,2.348424368542459742e-02,8.620689655172417143e-03,-3.567552570058682426e-03,7.767041739434876746e-03,1.307176166313088472e-02,5.083337624497551166e-02,1.606688610147702923e-01,5.132896070175300973e-04,2.450090744101632301e-02,1.013851321990031806e+00,5.456438549853523945e-01,-3.382029080668547127e-02,-1.725858010001126153e-01,-8.690353768211933616e-01,-6.567318490473814663e-01,2.452384516648645207e-01,7.707681865094406781e-03,-4.086823701549155974e-01,-5.708615977609625691e-01,-4.841542689925879550e-01,1.348526447303169951e-01,3.882093337600827088e-01,6.687097425426486493e-04,2.185563165226813418e-04,8.025157384814822492e-02,-9.842453752055372110e-03,8.504531337250842123e-04,6.689653749683451001e-04,7.473026068431864143e-04,9.973090833908383745e-03,-1.044402751926627043e-02,-2.488795954269591758e-04,3.080345481161437258e-04,-2.045737390691488872e-03,1.858889851645364327e-02
6.851179673321233787e-02,6.314262019269985260e-02,3.247793213273247215e+00,1.261004930594704643e-01,1.350383991450003485e-01,5.414752035379080120e-01,9.667868437582625984e-03,9.981851179673320584e-02,-2.279947829690278738e+01,-1.871402765594442297e+00,-1.169312429463074787e+00,7.149528849293635968e-01,-3.303085363285759302e-01,-3.032028513186848517e-01,-2.403565568409893605e-01,-1.506962305962702142e-01,-2.485823813739512222e-01,-2.291218474129885496e-01,1.264927071344108311e+00,5.405432719603049385e-01,1.761536062807698422e-01,1.020973903953532576e-03,5.824659311793053441e-03,6.106649688529315612e-03,2.181054104447569496e-03,5.298547853269071524e-03,3.959266314447216009e-03,1.858655686508880328e-02,5.132847097757617383e-03,3.349376466850768376e-03,4.090982904804742475e-04,7.129759867745080054e-03,1.248700011936887400e-03,4.599567328899027523e-03,-2.722323049001815209e-03,-6.691022282495767692e-03,-5.814098224807695559e-02,-7.313032611771880243e-03,-1.193006805037075124e-02,-1.095855981328645035e-01,-6.594378916275959318e-03,-1.905626134301270647e-02,-7.795003363083452541e-02,-6.089368252763400768e-01,-1.959201383528915708e-01,7.295259760949579508e-01,2.043350843525139071e-01,3.581637928583898400e-01,2.343283077430159678e-01,-5.851165331449204032e-02,-1.065840769323943282e-01,-1.838233454120036248e-01,3.622128136090230210e-01,-7.923480445380093329e-02,2.537808723952772461e-02,2.007941967043376215e-04,5.175548359372235396e-03,-8.043748495226946127e-02,-1.596419372110395411e-04,4.206146396983935325e-03,3.252812220358894217e-03,1.753768093459780533e-02,-6.275610917067974553e-03,-1.168460624509882681e-03,-4.896388994312661502e-04,6.352463347575630637e-03,6.928760047405737492e-04,-1.888467635652556903e-02
7.486388384754991132e-02,4.010900768700785719e-03,2.638053305204916654e+00,1.456039603691544615e-01,1.523643502765435753e-01,7.408737857611292776e-01,4.028399027651739621e-03,1.297640653357531870e-01,-2.576716706193038675e+01,-9.599045496295781632e-01,-1.051882493111169214e+00,8.275608671795960936e-01,2.316740110378167905e-01,-2.198141798033402261e-01,-2.790015136912654126e-01,-1.095773317384054341e-02,-1.370818711661203060e-01,-4.533191743436385535e-01,7.790837799146108633e-01,6.404493914703845991e-02,-7.177640303120158549e-02,4.543059505001080349e-03,1.302350796706045442e-02,6.026128939082437200e-03,5.722155593432427800e-03,8.401670102640050944e-03,2.103338544461603576e-03,8.689753225239155165e-03,5.080120067539924643e-03,1.877667660293690349e-03,2.552097686807394076e-03,3.109396557707015500e-03,3.492512401984542141e-03,3.156355095514265779e-03,6.352087114337573448e-03,-5.913171942399906428e-02,-6.097399080683305606e-01,1.950346730968399722e-02,1.732595113154322686e-02,1.993985822232212657e-01,-5.639469409930886364e-03,2.994555353901998118e-02,-2.967688765027599374e+00,9.114982159648641336e-01,1.174299363519055728e-01,1.126079822502324967e-01,5.619825473663927484e-01,8.338867151534462563e-02,-3.864495685027605210e-02,1.397384974224296639e-01,1.115005102078309163e-01,-2.241973269306500038e-01,-4.858432914294974481e-01,-4.764983328132664786e-01,-2.479300093119714277e-01,3.522085601047547990e-03,7.198848655267400982e-03,-8.052074944687841185e-05,3.541101488984858305e-03,3.103122249370979420e-03,-1.855927769985612433e-03,-9.896803639849648115e-03,-5.272703021769273996e-05,-1.471708806557078027e-03,2.142999396326919666e-03,-4.020363310038064554e-03,2.243812390047654742e-03,-1.443212233384761744e-03
9.165154264972777409e-02,3.984050580360050430e-04,3.146295323254862719e+00,1.341224425138795584e-01,1.365528872431839291e-01,6.317634693354422515e-01,2.988763681980961037e-03,1.161524500907440971e-01,-2.835972208654973414e+01,-4.251753377950860668e-02,-4.969255977058572582e-01,1.009453176227161242e+00,2.664765352398194009e-01,1.441931746908159673e-01,-3.078747324489624626e-01,-1.378274056269183090e-01,2.241931966758845263e-01,-2.763723917228375071e-01,8.146371595579449121e-01,1.032249382564785073e-01,-1.908663737064816845e-01,6.902904232050324773e-03,1.688480866083094667e-02,1.191196298325148881e-02,2.396847217684076620e-03,7.750453053657109168e-03,5.355091037790867849e-03,1.298737841521018996e-02,5.542508412416083732e-03,2.024594407242461761e-03,2.182450559179224467e-03,6.346796177792995639e-03,9.084821474289812154e-03,4.421633609816305426e-03,1.678765880217786277e-02,-3.612495710664780785e-03,5.082420180499460649e-01,-1.148151785527490309e-02,-1.581146303335964620e-02,-1.091103164256870262e-01,-1.039635345670778584e-03,-1.361161524500908993e-02,-2.592555024619347392e+00,9.173870158500695426e-01,5.549568954053119008e-01,1.818923090475651483e-01,3.480252420200261043e-02,3.640073544941562211e-01,-2.887321875769705004e-02,-1.268696724530777586e-01,3.612750678420048045e-01,1.769467826208010464e-01,3.555337964333404877e-02,3.917999910944004738e-02,-1.190899706752800991e-01,2.359844727049244424e-03,3.861300693770492246e-03,5.885834044169051607e-03,-3.325308375748351180e-03,-6.512170489829417763e-04,3.251752493329264273e-03,4.297625189971034793e-03,4.623883448761590895e-04,1.469267469487714126e-04,-3.696471276281696090e-04,3.237399620085980138e-03,5.592309072305269579e-03,1.265278514302039647e-03
2.382032667876587961e-01,6.116346453371000400e-03,3.240682716362764282e+00,2.521283306280484582e-01,1.274749218823681973e-01,1.212732286941773596e+00,7.102716167914665049e-03,2.931034482758620441e-01,-2.730641776746660909e+01,1.387993905728910626e-01,9.772113181284006189e-02,3.893279693995525537e-01,2.659327790456418317e-01,2.288112939877682828e-01,1.773126269414715683e-01,-1.768652206459775389e-01,-6.617468158619257967e-02,-1.624204892820987067e-01,3.434746945520856243e-01,-9.773020650330041525e-02,-1.333548498068824750e-01,3.689115709059000072e-04,5.116851941076971510e-04,1.093351928536023679e-03,3.785982116903429989e-04,1.066365807402285979e-03,1.633685804646217666e-03,2.827453096359923684e-03,6.728111284378542577e-04,1.576814772588386879e-03,1.984221485697830033e-03,8.211843014624062298e-04,5.979820124091615296e-04,7.178278292627268296e-04,1.465517241379310220e-01,5.717941395334995465e-03,9.438739310790156267e-02,1.180058881141688998e-01,-9.077965360815731799e-03,5.809688176063313447e-01,4.113952485933703579e-03,1.769509981851179470e-01,1.053304319083125051e+00,1.813169243523996554e-01,5.946467295186973478e-01,-6.201252068276086327e-01,-5.437561941775692631e-04,8.461811929695231549e-02,4.851873593904340032e-01,-3.903781501905922990e-02,-2.903678782620771059e-01,1.139519024407388004e-01,-4.711624650058592878e-01,-2.009551447597789364e-01,5.751152389959920952e-02,-6.533992661144424549e-03,-1.637312346672325017e-02,-1.081861105471546534e-02,-2.018249005993733459e-03,-6.684087246254822971e-03,-3.721405233144649966e-03,-1.015992531885026584e-02,-4.869697283978229041e-03,-4.477796346540748821e-04,-1.982290734813944334e-04,-5.525611876330589409e-03,-8.486839461880651275e-03,-3.703805780553578487e-03
2.273139745916515353e-01,6.002730851175762210e-03,3.175585296585680339e+00,2.496244864500247740e-01,1.305585143765687350e-01,1.184261519590682266e+00,1.636446935836199717e-03,2.758620689655172376e-01,-2.768589748767807990e+01,-2.036350962583095003e-01,3.049820982721189178e-01,2.460833837482707953e-01,4.193110239397269123e-01,-1.210605319157375959e-01,4.833071008934594626e-02,-3.848922842201996097e-02,-2.293397929919753150e-04,-3.304136439324155683e-01,3.979140378444551707e-01,-3.918232996277329905e-01,-9.732537066653859648e-02,3.731055121875876844e-04,2.741630342677684297e-04,1.111328333243700832e-03,1.711719902175281530e-03,2.521823071371544385e-03,1.760126225422851487e-03,1.959107470006591668e-03,4.882413563730969401e-03,5.571347245055660591e-03,6.402676145685280403e-04,2.147305476469967608e-03,8.517228962768005679e-04,1.609306418255194385e-03,-1.088929219600726084e-02,-1.136156021952381898e-04,-6.509741977708394245e-02,-2.503844178023684197e-03,3.083592494200537715e-03,-2.847076735109133061e-02,-5.466269232078465115e-03,-1.724137931034480653e-02,-3.794797202114708057e-01,-3.424344868312005907e-01,2.072609664592788559e-01,-1.432445856512817584e-01,1.533782448940850807e-01,-3.498718259035058509e-01,-1.289819168521256221e-01,1.383759922239575779e-01,6.594534179320060696e-02,-1.679931546503168616e-01,5.443934329236954639e-02,-2.940930931244325475e-01,3.602947914034387855e-02,4.193941281687677165e-06,-2.375221598399287213e-04,1.797640470767715264e-05,1.333121690484938586e-03,1.455457263969258406e-03,1.264404207766338210e-04,-8.683456263533320153e-04,4.209602435293115577e-03,3.994532472467273929e-03,-1.343953871129302102e-03,1.326121175007561378e-03,2.537408838676390383e-04,8.914785889924675558e-04
1.864791288566243210e-01,4.989497575852543457e-04,2.651725378615519713e+00,2.230014903100420443e-01,1.514176590479175133e-01,1.613400800539489977e+00,1.780439929205171338e-03,2.531760435571687728e-01,-2.931443949940851113e+01,6.607544244298683978e-02,2.696003061735906536e-01,4.584823558296528823e-02,3.484624420599269357e-01,7.654789072901979977e-03,1.747950829643214465e-01,7.665505738527932100e-02,1.741241302594776497e-01,-6.786489397391722023e-02,4.272494751506169530e-01,-2.726344800910339705e-01,8.643959530572425942e-02,1.323080086558191303e-03,1.978983415634323964e-03,5.487561648243732305e-03,3.265834845946044562e-03,3.517356016066011930e-03,2.702753649928336856e-03,8.899299892196491438e-03,1.402868090331704180e-03,1.298253826142697085e-03,2.670792930375822348e-03,1.645271884961709398e-03,5.082525405924861930e-04,2.212264924404750040e-03,-4.083484573502721426e-02,-5.503781093590507864e-03,-5.238599179701606268e-01,-2.662299613998272974e-02,2.085914467134877825e-02,4.291392809488077109e-01,1.439929933689716203e-04,-2.268602540834846470e-02,-1.628542011730431227e+00,2.697105387012963540e-01,-3.538179209852826412e-02,-2.002351481653055210e-01,-7.084858187979997668e-02,1.287153209886395810e-01,1.264643728749755003e-01,1.151442858072992820e-01,1.743534700524696224e-01,2.625487499584983619e-01,2.933543730616178236e-02,1.191888195366990200e-01,1.837649659722628559e-01,9.499745743706036185e-04,1.704820381366555643e-03,4.376233315000031474e-03,1.554114943770763032e-03,9.955329446944675455e-04,9.426274245054853691e-04,6.940192422189899769e-03,-3.479545473399265221e-03,-4.273093418912963723e-03,2.030525315807294416e-03,-5.020335915082582093e-04,-3.434703556843143749e-04,6.029585061495556543e-04
1.002722323049001774e-01,8.247277428979669998e-05,3.274751372648156078e+00,1.785773734236438537e-01,1.610818020033978892e-01,1.047922871676161494e+00,4.672183782857588542e-03,2.286751361161524498e-01,-3.127114561787185920e+01,1.420910058112317964e+00,2.912320552739873225e-01,5.153894752047372130e-01,4.068656291435284178e-01,3.220684861118060238e-02,-1.047679691873494301e-01,-2.103129586004444038e-02,1.314512705183137897e-01,3.764769008594323618e-02,4.168640418637917233e-01,3.975420337724886594e-02,6.833652846492582755e-02,4.012689983846521452e-03,5.508596223490609635e-04,4.123060024400875684e-02,2.701364384106018628e-03,1.696412196036996278e-02,2.451172676245722774e-03,1.505443165320807242e-01,8.734658877854277730e-04,2.891378755954974837e-03,3.185610812352128451e-03,6.303580883493746512e-02,7.623828358118827373e-04,4.252892107210404921e-02,-8.620689655172414367e-02,-4.164769832954576321e-04,6.230259940326363655e-01,-4.442411688639819056e-02,9.664142955480375941e-03,-5.654779288633284828e-01,2.891743853652417422e-03,-2.450090744101632301e-02,-1.956706118463348076e+00,1.354834615669331166e+00,2.163174910039666887e-02,4.695412396217719109e-01,5.840318708360148214e-02,2.455205953827862414e-02,-2.795630521516708766e-01,-9.768635324532376485e-02,-4.267285974116385994e-02,1.055125840598604564e-01,-1.038543328682522970e-02,3.123886834682828573e-01,-1.810306684079843187e-02,2.689609897288330366e-03,-1.428123793285262892e-03,3.574303859576502540e-02,-5.644704618400259340e-04,1.344676594430395042e-02,-2.515809736826140827e-04,1.416450166398842414e-01,-5.294022025462764066e-04,1.593124929812277752e-03,5.148178819763061034e-04,6.139053694997575333e-02,2.541302952193965443e-04,4.031665614769929656e-02
8.439201451905625762e-02,5.305834686369550736e-05,3.059368583134017161e+00,1.876618849146693413e-01,1.831543564955224468e-01,8.101813330416477443e-01,1.849486133757801938e-03,1.905626134301270369e-01,-3.232001801604014446e+01,1.749932052475049682e+00,5.630011301734334506e-01,5.929402236017775607e-01,6.272674647026539319e-01,3.226520160533086212e-01,2.213095186758248234e-01,1.652517264630385951e-01,1.323598726403258929e-01,-1.631202485189851559e-01,2.171501928403123949e-01,1.165318783625165777e-01,-1.728450214798715190e-01,6.736664422061862736e-03,9.414675262680329264e-04,6.317704484621984584e-02,1.616513875353756038e-03,1.258195477007956892e-02,9.263431699177769423e-04,6.150858118818308684e-02,6.499868075717440356e-04,1.849804971203792767e-03,1.104453041046503728e-02,1.223497792393179601e-01,3.592887220962459496e-04,3.693348624419980769e-02,-1.588021778584391974e-02,-2.941442742610119262e-05,-2.153827895141389170e-01,9.084511491025487606e-03,2.207255449212455756e-02,-2.377415386345137494e-01,-2.822697649099786821e-03,-3.811252268602541293e-02,-1.048872398168285258e+00,3.290219943627317178e-01,2.717690748994461281e-01,7.755074839704034773e-02,2.204018355591255141e-01,2.904451674421280050e-01,3.260774878631742535e-01,1.862830223230830251e-01,9.086021220121032194e-04,-2.007679386049283921e-01,-1.997138490234793284e-01,7.677767498526771872e-02,-2.411815499447973465e-01,2.723974438215341284e-03,3.906079039189719630e-04,2.194644460221108900e-02,-1.084850508752262591e-03,-4.382167190290393866e-03,-1.524829506327945831e-03,-8.903573534389763733e-02,-2.234790802136837375e-04,-1.041573784751182070e-03,7.858919598112908828e-03,5.931397040438049495e-02,-4.030941137156367877e-04,-5.595434827904241515e-03
1.011796733212341204e-01,5.291340482860528289e-05,3.003456081583866233e+00,1.991755326847249596e-01,2.022411879972696724e-01,8.298405703119385857e-01,2.214659134352459612e-03,1.941923774954627813e-01,-3.187719297585379152e+01,2.021064670685928544e+00,6.804579702841135891e-01,4.666350920873043040e-01,5.045716826688664280e-01,2.429571979134560189e-01,8.445455210969576854e-02,-1.410137309878037315e-02,-4.712836712960960517e-02,2.409279720960045834e-01,3.098211613416996801e-01,2.204419776468076117e-02,-1.054504981248658574e-02,9.452344194156076310e-03,1.211254935424017909e-03,5.478178353790396499e-02,6.829509476642615234e-03,2.914744879887673501e-02,6.431148373916224618e-03,1.196113314784337939e-01,3.046297155460461672e-03,2.013602870605243900e-03,4.850280473882835099e-03,4.051899678129228244e-02,1.868812350403108082e-03,3.353626910275300799e-02,1.678765880217786277e-02,-1.449420350902244636e-07,-5.591250155015092815e-02,1.151364777005561835e-02,1.908683150174722565e-02,1.965923727029084134e-02,3.651730005946576731e-04,3.629764065335744361e-03,4.428250401863529362e-01,2.711326182108788618e-01,1.174568401106801385e-01,-1.263051315144732567e-01,-1.226957820337875038e-01,-7.969481813985260232e-02,-1.368549665661290549e-01,-1.793530995618189683e-01,-1.794882397699354981e-01,4.040482206149897393e-01,9.267096850138728525e-02,-9.448768059783581308e-02,1.622999716673849402e-01,2.715679772094213573e-03,2.697874091559849825e-04,-8.395261308315880855e-03,5.212995601288858763e-03,1.656549402879716609e-02,5.504805203998448110e-03,5.810275029025070703e-02,2.396310347888717419e-03,1.637978994014511330e-04,-6.194249936582202180e-03,-8.183078245802567763e-02,1.509523628306862078e-03,-3.397217141446799704e-03
1.166061705989110686e-01,2.871800634020894036e-04,2.152141055766481514e+00,2.408702744685156105e-01,1.450716364118331547e-01,1.940287116143810442e+00,4.353887533334099835e-03,3.021778584392014744e-01,-3.170061316365080728e+01,1.318779123902764194e+00,7.697332286177351879e-01,8.196741397710524679e-03,5.372814027866311681e-01,1.662344925216640845e-01,3.365322724130665466e-01,1.761625202383491073e-01,-1.272888680006973305e-01,1.408449103849520045e-01,3.260390315135044403e-01,-6.971560846130758771e-02,-1.102248017374053285e-01,2.460727334264686036e-03,9.621890507449916636e-04,1.743343776661662042e-02,1.277485731883746395e-03,3.086970366198199447e-03,2.089781049647956510e-03,6.355319850940818749e-02,1.575963518516467063e-03,4.536386904989708497e-04,3.509362100746332095e-03,2.915468316697909269e-03,5.391331271445742911e-04,1.721985624794053829e-02,1.542649727767694823e-02,2.342666585734841139e-04,-8.513150258173847185e-01,4.169474178379065088e-02,-5.716955158543651772e-02,1.110446545831871745e+00,2.139228398981640224e-03,1.079854809437386931e-01,1.765798122029842432e-01,-7.022855467831643494e-01,8.927525833362159879e-02,-4.584383506895937654e-01,3.270972011776474009e-02,-7.672270539179193438e-02,2.520777203033707781e-01,1.902638933371294805e-01,-8.016050087108772537e-02,-1.000830617110525789e-01,1.621787017180476020e-02,-9.175980622598835235e-02,-9.967975192491873582e-02,-6.991616859891389840e-03,-2.490658846790262454e-04,-3.734834577128734456e-02,-5.552023744758868840e-03,-2.606047843267853686e-02,-4.341367324268268109e-03,-5.605813296902560638e-02,-1.470333636943994609e-03,-1.559964180106273050e-03,-1.340918373136503004e-03,-3.760352846459437404e-02,-1.329679223258533900e-03,-1.631641285481246970e-02
2.105263157894736725e-01,1.491862676576427398e-02,3.049643820576585007e+00,2.289696101755699098e-01,9.852016742427933960e-02,1.195933592070760998e+00,2.860381176085100875e-03,2.586206896551724310e-01,-2.885884117064862764e+01,-1.885725021800160883e-01,1.392914798238848118e+00,-5.048307329323705739e-01,5.538961759387441841e-01,-1.895132810862479311e-01,4.079395364025180659e-01,-6.298379968234543713e-02,8.168326686097984735e-02,1.612787677455545798e-01,3.574299836177473599e-01,-1.417246195653674434e-01,1.562211348538484756e-01,2.152932925309519361e-04,5.621921463374970115e-04,3.031213858361576311e-03,5.109371255648608541e-04,3.566334473015161650e-04,2.565882463170731168e-03,1.934381081196386194e-03,7.081520686257851546e-04,4.138837490796990208e-04,1.171735799732099908e-03,6.540822600131531014e-04,3.743934440285623909e-04,9.064555713925826841e-04,9.392014519056260391e-02,1.463144670236218511e-02,8.975027648101034927e-01,-1.190066429294570072e-02,-4.655146898755381513e-02,-7.443535240730494440e-01,-1.493506357248998960e-03,-4.355716878402904335e-02,2.841771993002179642e+00,-1.507351626082780172e+00,6.231815696211129296e-01,-5.130274743300811124e-01,1.661477315211301597e-02,-3.557477736079119879e-01,7.140726398945151931e-02,-2.391463199206945445e-01,2.089721348616771779e-01,2.043385736060257529e-02,3.139095210424291960e-02,-7.200901110405985572e-02,2.664459365912538180e-01,-2.245434041733734235e-03,-3.999969044074946521e-04,-1.440222390825504455e-02,-7.665486063188855408e-04,-2.730336918896683444e-03,4.761014135227746580e-04,-6.161881742821179869e-02,-8.678114498906819079e-04,-3.975494141927182886e-05,-2.337626301014232404e-03,-2.261386056684756059e-03,-1.647396831160119002e-04,-1.631340067654795528e-02
1.297640653357531870e-01,1.714714675459667534e-02,2.579499478755812092e+00,1.669412892087352995e-01,1.440108669936879526e-01,1.167043219401095122e+00,7.576209170164794997e-03,1.887477313974591786e-01,-2.455651572617826162e+01,1.778872155315981640e+00,7.983379539991606322e-01,-8.647914978529098740e-01,-1.985996146385470285e-01,-1.093023253082113566e+00,-6.098979309296435058e-01,-2.700868639894608014e-01,6.252222590866216567e-01,4.365298402447729265e-01,2.844230766086850437e-01,-4.323267026143753911e-01,9.818044077705921635e-02,4.313632327121855181e-03,2.094816470081703377e-03,3.340168667295883610e-03,3.261272339004535770e-03,3.116039086736877364e-03,2.615901429856172695e-03,1.410703008611696773e-03,2.268401910521628223e-04,7.615622057528048140e-03,5.576372300229310436e-02,4.513487982553611444e-02,1.663976792489849435e-02,1.774827576790766887e-02,-8.076225045372048550e-02,2.228519988832401363e-03,-4.701443418207729152e-01,-6.202832096683461027e-02,4.549069956940861303e-02,-2.889037266966587580e-02,4.715827994079694122e-03,-6.987295825771325242e-02,4.302325444470366023e+00,1.967444657495997618e+00,-5.945768442396874853e-01,-3.599607649205393001e-01,-7.524957905772912126e-01,-9.035099719958656905e-01,-1.017837467332161516e+00,-2.071030643071153643e-01,5.435389922256418371e-01,2.752510724992183189e-01,-7.300690700906231623e-02,-2.906020830490079199e-01,-5.804069407678925929e-02,4.098339034590903381e-03,1.532624323744206365e-03,3.089548089343072991e-04,2.750335213439674808e-03,2.759405639435361362e-03,5.001896668544152796e-05,-5.236780725846894215e-04,-4.813118775736223323e-04,7.201738308448349390e-03,5.459198720256100423e-02,4.448079756552296427e-02,1.626537448086993326e-02,1.684182019651508586e-02
6.669691470054446569e-02,5.322770693844752765e-02,3.270372022471074835e+00,1.137030614148460128e-01,1.172776071207215498e-01,8.429776452477858451e-01,4.363411973852788540e-03,1.361161524500907327e-01,-2.199367294664856232e+01,8.834603479067448806e-01,5.155112050474930374e-01,-4.559691170264386084e-01,1.745566415504983260e-01,7.948019013164014934e-02,-8.265995667224083077e-01,-3.754669336194007001e-01,2.992661042037946251e-01,8.206597094939362957e-01,1.128975328933230715e+00,-4.221649319956175539e-01,-4.106251952852587594e-01,2.761799766453434685e-03,4.391541334502583292e-03,5.879798173552083611e-03,1.452042431903423142e-03,6.661049097654261029e-03,1.104561667713545910e-03,3.029425873159678761e-03,2.899291680586094013e-03,9.183178289117233800e-03,4.081473876188099204e-02,8.826275884374942815e-02,9.179365471683707811e-03,2.446311852490258565e-02,-6.306715063520872133e-02,3.608056018385084884e-02,6.908725437152627435e-01,-5.323822779388928672e-02,-2.673325987296640283e-02,-3.240655741533092771e-01,-3.212797196312006456e-03,-5.263157894736844589e-02,2.562842779529699300e+00,-8.954118074092367596e-01,-2.828267489516675948e-01,4.088223808264712655e-01,3.731562561890453544e-01,1.172503443213753771e+00,-2.167016357927648018e-01,-1.053800696299398987e-01,-3.259561548828270316e-01,3.841298692491633693e-01,8.445522523245456714e-01,1.016177061875783716e-02,-5.088056360623179897e-01,-1.551832560668420496e-03,2.296724864420879916e-03,2.539629506256200001e-03,-1.809229907101112629e-03,3.545010010917383665e-03,-1.511339762142626785e-03,1.618722864547981989e-03,2.672451489533931353e-03,1.567556231589185660e-03,-1.494898424041211232e-02,4.312787901821331371e-02,-7.460402453214786539e-03,6.714842756994916784e-03
4.038112522686025663e-02,1.056566672781944494e-02,2.215864148611575768e+00,1.034017262905350815e-01,1.266674466444776825e-01,3.977068150091865317e-01,1.193545573889615193e-02,8.257713248638838544e-02,-2.425852045880169428e+01,1.128934704834061442e+00,-3.595784758856493402e-01,-8.113300094558206776e-01,-3.184892115399390322e-02,1.207869503010082779e+00,1.718154247679791469e-01,-1.483753735166995769e-01,-1.375574270914862174e-01,1.494164366728029103e-01,5.950194287517959202e-01,4.075365627981274441e-01,-8.297738787380672110e-02,1.608468776032711016e-03,7.262057931152020437e-04,2.969188275271477263e-03,1.951832556990403585e-03,6.087573463953247985e-03,6.920720844041129693e-02,5.159929498939503506e-02,6.449991822614881132e-03,5.107828476266429094e-03,1.596929688607688982e-02,4.321668379385656435e-03,1.052617434069900949e-03,2.145132359931788135e-02,-2.631578947368420907e-02,-4.266204021062808271e-02,-1.054507873859499067e+00,-1.030133512431093135e-02,9.389839523756132733e-03,-4.452708302385993133e-01,7.572043765043363385e-03,-5.353901996370234728e-02,-2.264847512153131959e+00,2.454743569273165615e-01,-8.750896809331423221e-01,-3.553608924293820692e-01,-2.064055627044922292e-01,1.128389312878442574e+00,9.984149914903874823e-01,2.270915601027011232e-01,-4.368235312952808425e-01,-6.712432728211333854e-01,-5.339559001814347949e-01,8.297014947937449980e-01,3.276478074114520522e-01,-1.153330990420723670e-03,-3.665335541387381140e-03,-2.910609898280606348e-03,4.997901250869804437e-04,-5.734756337010130448e-04,6.810264677269775579e-02,4.856986911623535630e-02,3.550700142028787119e-03,-4.075349812850804707e-03,-2.484544187580410221e-02,-8.394109046436376564e-02,-8.126748037613807513e-03,-3.011794925584704297e-03
4.310344827586207184e-02,1.553537994102072162e-03,2.675479742476402301e+00,1.170471324868467972e-01,1.659133591745380887e-01,3.248507154434188693e-01,1.081868810287552225e-02,3.176043557168783948e-02,-2.697336422936107425e+01,2.461367267041463691e+00,1.376497355136273859e-01,-8.925840982846433569e-01,-4.090160661605761749e-01,1.150942708892912364e-01,-3.868310674893776779e-01,-7.266577311941850859e-01,9.238830024320079937e-02,5.033992599239933696e-01,5.734680259934834545e-01,3.913041147175272405e-01,-9.681785154365810109e-02,6.217362772014803363e-03,4.023435100218781743e-03,7.480909228828881187e-03,1.629093009292585225e-03,1.469038613052391778e-02,4.045815697010290285e-02,4.497525191139643136e-02,5.185007028988124558e-03,1.419934032549614519e-02,2.486910965449947233e-02,5.466422392874758368e-02,3.727319145439154848e-03,1.762225633760931137e-02,2.722323049001815209e-03,-9.012128733717372775e-03,4.596155938648265327e-01,1.364540619631171570e-02,3.924591253006040614e-02,-7.285609956576766244e-02,-1.116767636020629673e-03,-5.081669691470054595e-02,-2.714843770559379976e+00,1.332432562207402249e+00,4.972282113992767538e-01,-8.125408882882267925e-02,-3.771671450065822717e-01,-1.092775232120791529e+00,-5.586464922573568526e-01,-5.782823576774854812e-01,2.299457273346870168e-01,3.539828232511904593e-01,-2.155140275831246566e-02,-1.623244808060020361e-02,-1.384046366985137999e-02,4.608893995982092130e-03,3.297229307103579591e-03,4.511720953557403491e-03,-3.227395476978183603e-04,8.602812666570669800e-03,-2.874905147030839409e-02,-6.624043077998603701e-03,-1.264984793626756573e-03,9.091511849229716100e-03,8.899812768422582510e-03,5.034255554936192811e-02,2.674701711369254116e-03,-3.829067261708569980e-03
2.087114337568058212e-02,2.292207546720953851e-02,3.210764471536454945e+00,8.591104114603453912e-02,1.415851494488527262e-01,6.226630680110845084e-02,4.258514296504674335e-02,1.542649727767695170e-02,-2.615419243468473454e+01,2.592585934472687370e+00,7.688809863962825508e-01,-3.596481777244253109e-01,-8.518944224489015671e-01,-4.102716818091091400e-02,-7.182596747867939779e-01,-1.047701847147903376e+00,-3.590469452116089588e-01,2.732124713696784113e-01,4.279939678485349397e-01,8.011545463420454150e-01,-4.086812961611829276e-01,1.548355823321485381e-03,1.196314808128284558e-04,4.467018407270560384e-04,1.655216595331827174e-03,1.363907099132152497e-03,3.520564722004779971e-04,1.328573253391947089e-02,1.491549899919520630e-03,1.878516923087076573e-01,6.128779490954107227e-03,2.967539234668291250e-03,1.387362197117554975e-04,5.130299549429186839e-02,-2.223230490018148972e-02,2.136853747310746635e-02,5.352847290600526442e-01,-3.113609134081225804e-02,-2.432820972568536244e-02,-2.625844086423104184e-01,3.176645486217122283e-02,-1.633393829401088779e-02,8.191717946763397151e-01,1.312186674312236789e-01,6.312312508826551927e-01,5.329359205602179905e-01,-4.428783562883253921e-01,-1.561214390702021504e-01,-3.314286072974163000e-01,-3.210441159537182898e-01,-4.514352454548097304e-01,-2.301867885543149583e-01,-1.454740581449485148e-01,4.098504316245181744e-01,-3.118634446175247987e-01,-4.669006948693318199e-03,-3.903803619405953138e-03,-7.034207388101824769e-03,2.612358603924194896e-05,-1.332647903139176464e-02,-4.010610049790242632e-02,-3.168951937747695874e-02,-3.693457129068603711e-03,1.736523519832115225e-01,-1.874033016354536424e-02,-5.169668469407929373e-02,-3.588582925727399134e-03,3.368073915668255702e-02
1.860254083484573495e-02,3.762190306311963273e-02,3.117762247143961662e+00,1.274104992076818821e-01,1.860468953444379958e-01,2.185449532753373503e-01,4.593833295570379227e-02,4.446460980036297944e-02,-2.252171473504058596e+01,1.461654646918052691e+00,-2.919009757103487868e-01,-1.334692767234194610e-01,-4.818504091768004982e-01,-4.365572606298551706e-01,-8.349623533688648180e-01,-4.339667280262988758e-01,1.793271038926946559e-01,-3.434249639381240504e-01,4.732279098945217921e-01,3.837529243731531703e-01,2.536909853658795289e-01,7.536759400325746157e-03,3.824343372083852458e-03,2.115693879938573916e-03,2.833804376956911095e-03,5.739997790698937903e-03,6.975561660438666343e-03,1.612658408049799097e-01,1.379874999881818085e-03,6.585642429724009039e-03,7.089360876716171295e-03,6.855397197685719410e-03,5.269749250429665507e-03,4.320622967774327694e-02,-2.268602540834847164e-03,1.469982759591009422e-02,-9.300222439249328232e-02,4.149945806164734297e-02,4.446174589558526957e-02,1.562786464742288994e-01,3.353189990657048924e-03,2.903811252268602774e-02,3.632477699644148572e+00,-1.130931287554634679e+00,-1.060781962106631227e+00,2.261789010010058498e-01,3.700440132721010689e-01,-3.955300924489442704e-01,-1.167026785820708401e-01,6.137351191216044999e-01,5.383740491043036425e-01,-6.166374353078024617e-01,4.523394204598685242e-02,-4.174016219688922447e-01,6.623722815270625119e-01,5.988403577004260993e-03,3.704711891271023853e-03,1.668992039211517932e-03,1.178587781625083921e-03,4.376090691566785623e-03,6.623505188238188075e-03,1.479801082710604510e-01,-1.116749000377025448e-04,-1.812660498789836483e-01,9.605813857620640675e-04,3.887857963017428160e-03,5.131013030717910227e-03,-8.096765816548591455e-03
7.168784029038112460e-02,6.677009282356456688e-02,3.275171877225726114e+00,1.263584067178063208e-01,1.214812327234980616e-01,6.514382184120306452e-01,1.035885939889906113e-02,1.333938294010889314e-01,-2.235962438294726695e+01,-8.841340955391856216e-02,1.186994035361377264e-03,-1.906972304845983013e-01,-3.067058162196242832e-01,-4.190688118546769259e-01,-8.632436726209605782e-01,-1.941210530158575254e-01,-2.426406031518600903e-01,-8.892482750565586791e-01,3.813715951294971984e-01,2.346004702815702170e-01,9.361823419394597057e-01,1.076605529005919826e-01,2.978188293336511434e-03,3.258862680257610615e-03,1.758196204455502940e-03,2.392787379816021902e-03,1.525281836871136311e-02,1.540998137636438552e-02,6.504295327269156435e-04,3.391126401430863326e-03,8.790134835835672822e-04,2.381640452391938553e-03,5.122098114406184888e-04,2.896283989176969345e-02,5.308529945553538965e-02,2.914818976044493415e-02,1.574096300817644511e-01,-1.052092489875561254e-03,-6.456566262093993425e-02,4.328932651366932949e-01,-3.557947355680472767e-02,8.892921960072594501e-02,1.620903520933190123e-01,-1.550068056471971323e+00,2.930879697457101640e-01,-5.722795376117884025e-02,1.751445929571762150e-01,1.748844877517824470e-02,-2.828131925209576014e-02,2.398456750104413504e-01,-4.219677070445547740e-01,-5.458233111184346287e-01,-9.185631476502459369e-02,-1.491524540915829533e-01,6.824913565735801768e-01,1.001237935002662338e-01,-8.461550787473410239e-04,1.143168800319036699e-03,-1.075608172501408156e-03,-3.347210410882916001e-03,8.277256708272697633e-03,-1.458558594286155363e-01,-7.294454671549024417e-04,-3.194516028293145713e-03,-6.210347393132604338e-03,-4.473756745293780424e-03,-4.757539438989047235e-03,-1.424338978597358349e-02
8.030852994555354174e-02,5.155669023697553172e-02,3.303321455243907412e+00,1.302307730965898136e-01,1.228294537660811203e-01,8.436739659292546989e-01,9.331421560205149096e-03,1.460980036297640783e-01,-2.254125941658141485e+01,-9.927547855442496738e-01,-3.116724091727594015e-01,4.672276911070291083e-01,2.696569495097561608e-01,-3.368951629530335667e-01,-7.361653250797525194e-01,1.711409646795246930e-01,-1.074411717036564407e-01,-7.153653159635989800e-01,-2.334237577254645590e-02,-1.304982336908290519e-02,8.577685421992577997e-01,1.891442360575300210e-03,4.912768452539935729e-03,1.766998729611575893e-03,3.043145320076015310e-03,1.236487193828498740e-02,1.441982898040223074e-02,6.809069122405711711e-04,1.086697862310167682e-03,1.205542816623264221e-03,6.570529375495413492e-04,2.371415303857231892e-03,2.152194171185443927e-02,6.526327006546358243e-03,8.620689655172417143e-03,-1.521340258658903516e-02,2.814957801818129823e-02,3.872366378783492769e-03,1.348221042583058749e-03,1.922357475172240537e-01,-1.027437838693912031e-03,1.270417422867514690e-02,-1.816350336341479021e-01,-9.043413759903311533e-01,-3.128594032081207787e-01,6.579249215916274096e-01,5.763627657293803885e-01,8.217364890164335911e-02,1.270783475412080588e-01,3.652620176953822462e-01,1.351994314482036497e-01,1.738829590929596991e-01,-4.047139709020436404e-01,-2.476502936506531083e-01,-7.841379974020190602e-02,-1.057691105400166837e-01,1.934580159203424295e-03,-1.491863950646034722e-03,1.284949115620512370e-03,9.972084558468964632e-03,-8.329893883091323697e-04,-1.472907446412381402e-02,4.362683295832520385e-04,-2.185583584807599105e-03,-2.219605460340259330e-04,-1.022514853470666077e-05,2.100973190041382013e-02,-2.243651288522333434e-02
6.760435571687840872e-02,3.013748268975176628e-02,3.179938122591429828e+00,1.179669171564334401e-01,1.104417271342161694e-01,6.373607111974819439e-01,6.232228027647754992e-03,1.379310344827586188e-01,-2.295229781088063703e+01,-6.286880688184702803e-01,-5.031986482410488737e-01,6.583772903362290485e-01,1.917110525943850341e-01,-2.674623526776376270e-01,-7.394795393194841804e-01,-3.173008210182866051e-01,-1.755329365803352804e-01,-8.177758995513095819e-01,9.544676572243003532e-02,-2.775611730500060492e-01,4.906745894094790561e-01,5.338779769746239932e-03,1.429241715827681133e-03,2.364177267898607670e-03,2.710064300161669701e-02,4.585511030416767470e-02,1.432416580160230128e-03,1.603167711239005151e-03,1.186978370069228074e-03,9.920143233874733138e-04,9.498331354972872976e-04,1.371697131394629919e-02,2.327186807983648489e-03,1.344209352333481169e-02,-1.270417422867513302e-02,-2.141920754722376544e-02,-1.233833326524775842e-01,-1.226385594015637348e-02,-1.238772663186495093e-02,-2.063132547317727550e-01,-3.099193532557394104e-03,-8.166969147005459506e-03,-4.110383942992221762e-01,3.640667167257793935e-01,-1.915262390682894722e-01,1.911495992291999402e-01,-7.794589691537112675e-02,6.943281027539593975e-02,-3.314214239731660960e-03,-4.884417856978112704e-01,-6.809176487667883970e-02,-1.024105835877106019e-01,1.187891414949764912e-01,-2.645113496809231579e-01,-3.670939527897787436e-01,3.447337409170939723e-03,-3.483526736712254379e-03,5.971785382870317769e-04,2.405749768154068213e-02,3.349023836588269076e-02,-1.298741240024200126e-02,9.222607989984339802e-04,1.002805077590603923e-04,-2.135284932357909074e-04,2.927801979477459484e-04,1.134555601008906817e-02,-1.919475490387079208e-02,6.915766516788453451e-03
8.983666061705988803e-02,2.677595054317904403e-03,2.709677137444705952e+00,1.715755978385927472e-01,1.739564176443535726e-01,5.748218897881971490e-01,6.813284422336617248e-03,8.983666061705988803e-02,-2.638935805903054543e+01,1.635255775410704882e+00,3.297927232346611337e-01,7.242216868445359168e-01,1.084932574175691278e-01,-3.773271480073207007e-01,-7.484045599375312996e-01,-3.480424368638680432e-01,-1.531159060469527711e-01,-5.137643823400311893e-01,9.323034755709956600e-02,-3.232094053972063286e-01,4.822734152897505400e-01,6.066375996620720565e-03,1.512561147225106829e-03,2.900272866547768877e-02,8.744931453146281841e-03,1.227808466116207253e-01,7.269283621718761190e-02,7.807972075647472490e-03,1.702072451705564557e-04,2.341350725934737958e-03,7.159780984962210021e-03,6.689471628748151419e-03,3.464267213679276137e-03,3.592340133782262468e-02,2.223230490018147931e-02,-2.745988763543386058e-02,-4.702609851467238755e-01,5.360868068215930704e-02,6.351469051013740319e-02,-6.253882140928479494e-02,5.810563946888622558e-04,-4.809437386569873074e-02,-3.437060248149908404e+00,2.263943844229175273e+00,8.329913714757100074e-01,6.584439650830686830e-02,-8.321779517681590632e-02,-1.098647953296830737e-01,-8.925020618047119214e-03,-3.074161584558143812e-02,2.241703053338250928e-02,3.040115172112783926e-01,-2.216418165330469314e-03,-4.564823234720027934e-02,-8.401174119728516132e-03,7.275962268744806324e-04,8.331943139742569587e-05,2.663855139757908067e-02,-1.835571154847041517e-02,7.692573630745305757e-02,7.126041963702738069e-02,6.204804364408467339e-03,-1.016771124898671564e-03,1.349336402547264644e-03,6.209947849464922398e-03,-7.027499685198147772e-03,1.137080405695627648e-03,2.248130781448781298e-02
1.932849364791288660e-01,5.446899715964290730e-04,3.191187413582933896e+00,2.235336897696137692e-01,1.637384698063542587e-01,2.057242263922069103e+00,5.763625763822201320e-03,3.275862068965517127e-01,-2.791748998805174864e+01,1.143729704839670180e+00,1.820592652909417686e-01,-1.148401746468957485e-01,2.451800335548135201e-01,-3.505537120437115517e-01,-4.341626209994419727e-01,-6.280044710241880490e-02,4.466134460040236953e-01,-2.316213587305314403e-01,2.627472049540349741e-01,1.348850981643390234e-04,4.548250312557179376e-01,5.006728697600272907e-03,3.260808946876381145e-03,9.305224377519622295e-03,1.546633552019334445e-02,7.397488783797642048e-03,5.081080849924509216e-03,1.052201398341713612e-02,5.420219489606776554e-03,4.881169718466663206e-03,8.073067215846121969e-03,1.255935480554957497e-02,6.067247933662657175e-03,3.467638873340587232e-03,1.034482758620689780e-01,-2.132905082721475547e-03,4.815102761382279439e-01,5.195809193102102208e-02,-1.021794783799931383e-02,1.482420374133871954e+00,-1.049658658514415928e-03,2.377495462794918246e-01,-1.528131929021203206e+00,-4.915260705710347011e-01,-1.477334579437193651e-01,-8.390618614914316931e-01,1.366867761372443923e-01,2.677343596360914901e-02,3.142419389380893269e-01,2.852419897614492106e-01,5.997293520509764386e-01,2.821430236094997213e-01,1.695168573969353942e-01,3.233442904953706676e-01,-2.744838403403260241e-02,-1.059647299020447658e-03,1.748247799651274316e-03,-1.969750428795806474e-02,6.721404067047062614e-03,-1.153833578278230798e-01,-6.761175536726310442e-02,2.714041907769663628e-03,5.250012244436220478e-03,2.539818992531925248e-03,9.132862308839119481e-04,5.869883176801423547e-03,2.602980719983381038e-03,-3.245576246448203528e-02
4.264972776769510032e-02,4.539103852935929412e-03,3.181132856417132171e+00,1.283652393638715639e-01,1.304962114496467929e-01,6.108019741680553727e-01,1.334859614065300737e-02,1.179673321234119832e-01,-2.671465467631973212e+01,1.217112632383557491e+00,1.182089855990229532e+00,-6.188530899153104059e-01,1.144548515040472447e-01,-3.974263296665163092e-01,-7.457040003092956226e-01,6.129999824595774166e-03,-7.422499649450282622e-01,-4.147587965627713147e-01,-6.908609194920214414e-01,-6.792314855819023833e-01,-1.918402353966119633e-01,2.143087442257987293e-03,2.771707613556531960e-04,8.072305599965039560e-03,8.085392085368217630e-02,1.741512200703784208e-01,2.424947777242857962e-03,2.134578150376724784e-03,1.554927821771434106e-03,5.621830844873570597e-04,2.623491537580991372e-03,2.706395983685577766e-03,3.431328542958039188e-04,5.043978948797250145e-02,-1.506352087114337657e-01,3.994413881339500122e-03,-1.005455716580172520e-02,-9.516845040574220538e-02,-3.324225835670746587e-02,-1.446440289754013619e+00,7.584970376830806049e-03,-2.096188747731397295e-01,1.202835311732016521e+00,7.338292754388731076e-02,1.000030590699287680e+00,-5.040129152684146296e-01,-1.307251820507662754e-01,-4.687261762280475752e-02,-3.115413793098536499e-01,6.893044692701458254e-02,-1.188863410949051902e+00,-1.831374378322398744e-01,-9.536081244460563600e-01,-6.793663706800667779e-01,-6.466652666523299287e-01,-2.863641255342285613e-03,-2.983638185520727949e-03,-1.232918777554582734e-03,6.538758533348883184e-02,1.667537312865807753e-01,-2.656133072681651254e-03,-8.387435833040411334e-03,-3.865291667835342448e-03,-4.318986633979306038e-03,-5.449575678265130597e-03,-9.852958821863997199e-03,-5.724115079366853473e-03,4.697215061463191205e-02
8.892921960072595888e-02,2.370819294704821882e-03,3.212882070023522552e+00,1.558044302943975834e-01,1.742742380501330346e-01,1.052080361356473981e+00,7.894910401312214138e-03,1.751361161524500887e-01,-2.612058937393423008e+01,1.530581933585804855e+00,8.486824155562096017e-01,-6.703918562088209132e-01,1.309100523777840530e-01,3.474364890285215335e-01,-4.128701236070939640e-01,2.259024428198228018e-01,-6.169809161417134646e-01,-1.970367223603654849e-01,-3.455089086142965615e-01,-3.280193009074887645e-01,1.201721590438694365e-01,1.003023662539426035e-02,1.074619896815648184e-03,2.442529833772315653e-02,2.308081318444524591e-02,4.275744918642917364e-02,1.017270440706981999e-02,8.564265045818546598e-03,3.727394459565812682e-03,1.783752081996947637e-03,2.280291440859166276e-03,8.596078950410463923e-03,1.333487186292585478e-03,1.207975521875565353e-02,4.627949183303085856e-02,-2.168284558231107530e-03,3.174921360639038070e-02,2.743919093052601954e-02,4.377802660048624173e-02,4.412783871884186082e-01,-5.453685739340793232e-03,5.716878402903810552e-02,5.940653023855020365e-01,3.134693012022473635e-01,-3.334074404340199305e-01,-5.153876629351050731e-02,1.645520087373680829e-02,7.448628186950378982e-01,3.328338767022016587e-01,2.197724429952270242e-01,1.252690488033147975e-01,2.177220742024058298e-01,3.453520108777248798e-01,3.512121846744136189e-01,3.120123944404813998e-01,7.887149183136273056e-03,7.974491354599949882e-04,1.635299273775811524e-02,-5.777310766923693386e-02,-1.313937708839492402e-01,7.747756629826962026e-03,6.429686895441821815e-03,2.172466637794378576e-03,1.221568997509590686e-03,-3.432000967218250959e-04,5.889682966724886157e-03,9.903543319967815593e-04,-3.836003426921684445e-02
1.778584392014519178e-01,9.504011138693049809e-03,3.190542662217031200e+00,2.328152660531591367e-01,1.603402888680596772e-01,1.515268728312299418e+00,6.082915851110225203e-03,2.350272232304900233e-01,-2.670397761750129462e+01,2.676964588395873257e+00,6.230061514381556309e-01,-8.135215618862219611e-02,-2.029432786338548622e-01,5.548711005279211017e-02,-2.902319430900640596e-01,-2.387663558886158333e-01,-2.707854215929715869e-01,-5.712435850454907760e-01,-2.115289808879219913e-01,-6.641597898786650855e-01,-2.940571700916472242e-01,1.517389004649033479e-02,5.529262335708846638e-04,3.991866437624422975e-02,4.081789882738327824e-02,9.772284709313849849e-03,5.500176962002929423e-03,2.512177757382224198e-03,4.429268388315573367e-04,6.904751808397382225e-04,1.786585244918840673e-03,5.429906381138651858e-03,1.365289860845130855e-03,1.407377464424925534e-02,8.892921960072595888e-02,7.133191843988227927e-03,-2.233940780649135149e-02,7.701083575876155329e-02,-1.393394918207335742e-02,4.631883669558254368e-01,-1.811994550201988935e-03,5.989110707803993461e-02,-5.833882435670645350e-01,1.146382654810068402e+00,-2.256762641180539708e-01,5.890397000201986755e-01,-3.338533310116389430e-01,-2.919493789757294233e-01,1.226381805170299044e-01,-4.646687987084386351e-01,3.461954945487418778e-01,-3.742068626851252633e-01,1.339799277263745703e-01,-3.361404889711763211e-01,-4.142293291355166884e-01,5.143653421096074443e-03,-5.216936632447635204e-04,1.549336603852107322e-02,1.773708564293803233e-02,-3.298516447711532379e-02,-4.672527445066890564e-03,-6.052087288436322834e-03,-3.284467620734255345e-03,-1.093276901157209414e-03,-4.937061959403256026e-04,-3.166172569271812065e-03,3.180267455254537703e-05,1.994019425493601810e-03
1.914700544464609799e-01,7.385708783746048472e-03,2.631097447774809250e+00,2.539834671820513368e-01,1.248519403725584231e-01,1.038145759957034731e+00,3.098632215713092823e-03,2.613430127041742046e-01,-2.827930399560281316e+01,6.823281532154087392e-01,4.384731607863945335e-01,1.687655166172403742e-01,-2.784711976909319264e-01,4.092381115389390756e-01,-2.017301359181007392e-01,-7.707985699278115110e-02,1.774220102074217098e-01,-5.058545968481326094e-01,9.333795643898676331e-02,-2.289341305914412844e-02,-1.657136789520555209e-01,2.821849074894200297e-04,2.638480817031752705e-04,1.046581739251538226e-03,6.124333543787160517e-04,1.053068338314939100e-03,7.420669455782760021e-03,3.309962339427945013e-03,2.276122407215624716e-03,2.074920883983950338e-04,7.628867936637591168e-04,5.682419190287072309e-04,4.769289701581722204e-04,1.984504960895360891e-03,1.361161524500906217e-02,-2.118302354947001337e-03,-5.594452144422219497e-01,2.116820112889220007e-02,-3.548834849550125403e-02,-4.771229683552646872e-01,-2.984283635397132380e-03,2.631578947368418131e-02,-1.575326378101518543e+00,-1.994636435180464407e+00,-1.845329906517610974e-01,2.501176728058625565e-01,-7.552791905707706421e-02,3.537510014861469654e-01,8.850180717196332036e-02,1.616864988958346960e-01,4.482074318003932967e-01,6.538898819735816659e-02,3.048669373269087268e-01,6.412663768195209224e-01,1.283434911395917033e-01,-1.489170513900091482e-02,-2.890781518677093933e-04,-3.887208263699269001e-02,-4.020546547300456186e-02,-8.719216370998910531e-03,1.920492493779830598e-03,7.977845820457208151e-04,1.833195568384067380e-03,-4.829830924413431887e-04,-1.023698451255081448e-03,-4.861664462109944844e-03,-8.883608906869585806e-04,-1.208926968335389401e-02
1.297640653357531870e-01,1.587899783421619227e-04,2.900505964221357313e+00,2.014243442632042136e-01,1.661592608892755729e-01,1.689626836925827602e+00,4.186903061609890432e-03,2.304900181488203359e-01,-2.965348919899509283e+01,8.269017686116588717e-01,4.221308639428114073e-01,7.097028891070586987e-01,-1.086309011155025261e-01,4.340530951766286005e-01,3.985949939344629600e-01,-1.956320707274824267e-01,1.776024664286638965e-01,-2.769024366455980490e-01,2.747996571053394621e-02,-1.266405660006620360e-01,-2.087482936308733827e-01,4.716411313239852673e-03,1.456337431391597180e-03,1.543660363258946532e-02,2.881169018101397902e-02,2.620763231408643201e-02,1.657202542190886136e-03,1.594881403567491307e-02,2.329595940470129568e-03,2.467219446014832802e-03,5.303031249908207560e-03,1.614371329659775034e-02,4.863724919162345020e-03,9.360434023927883054e-03,-6.170598911070779291e-02,-7.226918805403886523e-03,2.694085164465480631e-01,-5.255912291884712317e-02,4.130732051671714977e-02,6.514810769687928715e-01,1.088270845896797609e-03,-3.085299455535386870e-02,-1.374185203392279675e+00,1.445736153962501325e-01,-1.634229684358312618e-02,5.409373724898183244e-01,1.698402965754294003e-01,2.481498363768952498e-02,6.003251298525636992e-01,-1.185522137347012755e-01,1.804562212421867429e-04,2.289521602025345604e-01,-6.585799072845281710e-02,-1.037471529415179006e-01,-4.303461467881786184e-02,4.434226405750432698e-03,1.192489349688422018e-03,1.439002189333792731e-02,2.819925682663526265e-02,2.515456397577149270e-02,-5.763466913591874102e-03,1.263885169624696762e-02,5.347353325450485140e-05,2.259727357616437768e-03,4.540144456244448769e-03,1.557547137756904246e-02,4.386795949004172746e-03,7.375929063032521729e-03
1.243194192377495427e-01,1.071368471758816533e-03,2.249851087433290431e+00,1.353833743552189384e-01,1.599818787301765799e-01,5.318968728464041895e-01,5.780331034303550115e-03,7.259528130671506763e-02,-2.709900972038518674e+01,1.912452354465613791e+00,-7.570004362271109954e-01,1.006617393134806582e-02,1.591260489526010596e-02,6.724503590892522142e-02,-2.101066760154847446e-02,-6.404438377622138079e-01,-3.683140185188455984e-01,-4.650196415291193985e-02,-3.226110545344185176e-01,2.096404850766098449e-01,5.452527333851096003e-01,1.769231376164516001e-03,1.036170798308640433e-03,1.239301500621380753e-02,2.514737887698069441e-02,7.783115072812137047e-02,2.620396005359156705e-02,7.029391305971410819e-03,3.082475744528204165e-03,3.765829271834762650e-03,6.183917336880356656e-03,2.703292029619508083e-02,9.181782768801115963e-03,2.062696515388413865e-02,-5.444646098003644297e-03,9.125784934166545834e-04,-6.506548767880668827e-01,-6.604096990798527522e-02,-6.177382159098993020e-03,-1.157729964079423413e+00,1.593427972693659683e-03,-1.578947368421052544e-01,2.554479478609906096e+00,1.085550585853954919e+00,-1.179131300169922403e+00,-6.996367151757105773e-01,1.245435060107626390e-01,-3.668080592677033791e-01,-4.196056615360114206e-01,-4.448117670347313535e-01,-5.459164849475095505e-01,2.304004724926861092e-01,-3.500910202449524777e-01,3.362810510772719086e-01,7.540010270159829275e-01,-2.947179937075336889e-03,-4.201666330829567468e-04,-3.043588626375657788e-03,-3.664311304033284616e-03,5.162351841403493846e-02,2.454675751140068113e-02,-8.919422729703502251e-03,7.528798040580745969e-04,1.298609825819929849e-03,8.808860869721490960e-04,1.088920699959733049e-02,4.318057849638770943e-03,1.126653112995625559e-02
3.811252268602540599e-02,2.180764007081383363e-02,3.167491297882928158e+00,7.602898291969674427e-02,1.024768995961889695e-01,1.464194712127701581e-01,1.480481345558467415e-02,5.535390199637023334e-02,-2.420043486072900762e+01,1.248675974915645970e+00,-1.583274991368436080e+00,-2.737129604333246591e-01,2.208352091588166033e-01,-2.033931331113002783e-01,-1.045953322265783109e-01,-4.147797704413759279e-01,-9.177163187802784838e-01,2.946852242213162110e-01,-3.724108402376021809e-01,-6.810893245134799212e-01,-1.607726478028675410e-01,7.519770783032815294e-04,4.762373023965957883e-04,2.307223086232453643e-03,1.844172284930311115e-02,1.759229339441572768e-02,2.175089640421624254e-02,2.959333156902848542e-03,1.166688716117863719e-03,6.372563899492650862e-03,5.330750513092224335e-02,1.877149498268301450e-03,6.883086114288633744e-04,1.490651562166563256e-02,-8.620689655172414367e-02,2.073627159905501796e-02,9.176402104496377277e-01,-5.935439143552219410e-02,-5.750497913398761041e-02,-3.854774016336340314e-01,9.024482421281124905e-03,-1.724137931034483429e-02,2.898574859656179115e+00,-6.637763795499678210e-01,-8.262745551413250844e-01,-2.837791343646727249e-01,2.049226042635564904e-01,-2.706381690202255275e-01,-8.358466462502983640e-02,2.256640673208378800e-01,-5.494023002614328854e-01,3.411871883742281231e-01,-4.979978570318366327e-02,-8.907298095900897383e-01,-7.060253811879770858e-01,-1.017254297861234363e-03,-5.599334959120445907e-04,-1.008579191998135345e-02,-6.705656027677583259e-03,-6.023885733370563933e-02,-4.453063649375324506e-03,-4.070058149068562711e-03,-1.915787028410340445e-03,2.606734627657888211e-03,4.712358779404188930e-02,-2.515577079792678111e-02,-8.493474157372253239e-03,-5.720449532218506092e-03
4.673321234119782314e-02,3.279082749888784232e-02,3.294595564862991655e+00,8.980248074769656141e-02,1.376742564560408111e-01,1.352334425225727166e-01,2.319528484431584991e-02,5.172413793103448204e-02,-2.373161263283544997e+01,1.258599966155810268e+00,-1.942069601178362470e+00,2.589077283475363367e-02,7.588287072120818433e-01,-4.286692236839670933e-01,4.233512591220833787e-01,9.065293326002385466e-02,-4.960795844423055989e-01,1.780247666196332346e-01,-3.195294835968296998e-01,-8.461060446691013315e-01,-9.603588083187103441e-01,1.251762915811802795e-02,1.328188659556743881e-02,1.552466677758563944e-02,5.456909515402793599e-03,1.741433329237632513e-02,3.681796084451398115e-04,2.600868647290728065e-03,2.060249502352061099e-02,1.329932605064627210e-02,3.479220512462928745e-04,3.240698505695744258e-04,1.163237989686658272e-03,7.271933437808891093e-03,8.620689655172417143e-03,1.098318742807400869e-02,1.271042669800634961e-01,1.377349782799981714e-02,3.519735685985184159e-02,-1.118602869019744150e-02,8.390471388731175761e-03,-3.629764065335751300e-03,4.688222278935576526e-01,9.923991240164298233e-03,-3.587946098099263903e-01,2.996037332680783205e-01,5.379934980532652400e-01,-2.252760905726668150e-01,5.279465913486617312e-01,5.054327037013998103e-01,4.216367343379728849e-01,-1.166604576016829764e-01,5.288135664077248110e-02,-1.650167201556214103e-01,-7.995861605158427476e-01,1.176565207981474653e-02,1.280564929317084231e-02,1.321744369135318536e-02,-1.298481333390031842e-02,-1.779601020394025457e-04,-2.138271679577110132e-02,-3.584645096121204765e-04,1.943580630740274900e-02,6.926762151153621240e-03,-5.295958307967595091e-02,-1.553079647698727079e-03,4.749293782577948975e-04,-7.634582183856741464e-03
4.809437386569873074e-02,3.729148504925392654e-02,3.304587964150429436e+00,6.587994132796541613e-02,8.651406472234079992e-02,9.092002319808058231e-02,1.982242025491520385e-02,4.809437386569873074e-02,-2.404437285760271692e+01,1.853027509714630927e+00,-2.096101200877225956e+00,-3.601783777433761324e-01,1.131602620235346190e+00,-7.929041717227420794e-01,9.550685522705344710e-02,1.106201742640425256e-01,-6.914818854409299220e-01,-3.018502687405548168e-01,-2.702359208738275287e-02,-5.062827421534698003e-01,-8.362296630424340682e-01,2.905259727507572207e-02,1.022580851974275130e-03,7.075742869245344423e-03,6.100347970368402706e-02,1.802517200021819428e-03,1.452180970627435161e-03,4.045274840828361890e-02,3.635292036964844764e-02,9.908298835302415189e-04,1.812802790374497047e-03,9.444654058361010712e-04,1.007828642322412165e-03,1.999213763284495363e-02,1.361161524500907605e-03,4.500657550366084225e-03,9.992399287437780941e-03,-2.392253941973114528e-02,-5.116019173370001116e-02,-4.431341932449213428e-02,-3.372864589400646068e-03,-3.629764065335751300e-03,-3.127602247672669478e-01,5.944275435588206591e-01,-1.540315996988634861e-01,-3.860691505781297383e-01,3.727739130232643472e-01,-3.642349480387749860e-01,-3.278444038950299455e-01,1.996724100401867097e-02,-1.954023009986243231e-01,-4.798750353601880514e-01,2.925058915094469469e-01,3.398233025156315312e-01,1.241291452762762759e-01,1.653496811695769411e-02,-1.225930574359316433e-02,-8.448923908340295885e-03,5.554657018828123433e-02,-1.561181609235450657e-02,1.084001362182295241e-03,3.785187976099289170e-02,1.575042534612783665e-02,-1.230849616711603145e-02,1.464880739128204172e-03,6.203955552665266996e-04,-1.554093473642461070e-04,1.272020419503606253e-02
4.854809437386569532e-02,4.330345317043581693e-02,3.302333320194819066e+00,9.957854521572551132e-02,1.581141786485290579e-01,1.039233422944177143e-01,2.884274844254500984e-03,4.809437386569873074e-02,-2.383048762137917720e+01,1.640272773571300746e+00,-1.952074217432489434e+00,2.028800375240545351e-01,1.064170723552391840e+00,-6.704849197506965730e-01,-7.933664928473073419e-02,-2.121247117658771053e-01,-2.489741082206041733e-01,2.566679469932564572e-02,3.513467724739200437e-01,-4.344955132257134478e-01,-8.301459676209718141e-01,2.767842841430375941e-02,7.214654882480587552e-04,3.363047491563990552e-03,1.247163895857437976e-01,2.369866780354491949e-03,1.099038890004094176e-03,4.989759462027579251e-02,1.676625443404462443e-02,1.119486453161513137e-03,1.283702253144245863e-03,1.432471582306425566e-03,5.183346495958827092e-03,3.477881432252585142e-02,4.537205081669645756e-04,6.011968121181890390e-03,-2.254643955610369233e-03,3.369860388776009519e-02,7.160011392618825798e-02,1.300331909633713201e-02,-1.693814541066070156e-02,0.000000000000000000e+00,2.138852362235397209e-01,-2.127547361433301809e-01,1.440269834447365227e-01,5.630584152674307230e-01,-6.743189668295435091e-02,1.224192519720455063e-01,-1.748435045117841813e-01,-3.227448860299196309e-01,4.425077772203257487e-01,3.275170634398804625e-01,3.783703645613027966e-01,7.178722892775635245e-02,6.083695421462254060e-03,-1.374168860771962652e-03,-3.011153637262163748e-04,-3.712695377681353871e-03,6.371290988205977057e-02,5.673495803326725206e-04,-3.531420806233409853e-04,9.444846211992173612e-03,-1.958666593560382321e-02,1.286565696312716185e-04,-5.291005372302511837e-04,4.880061764703244945e-04,4.175517853636415144e-03,1.478667668968089779e-02
4.174228675136116423e-02,3.305146575076951809e-02,3.314026859987099005e+00,8.315157347850850311e-02,1.371557352111845152e-01,8.400563790118371899e-02,2.113701577117625685e-02,4.627949183303085162e-02,-2.422546534570705035e+01,2.214463989243041553e+00,-2.508571809217041260e+00,-7.267490777336170771e-01,4.278160736491483096e-01,-6.137154424680174580e-01,2.926942495945846212e-01,-1.499429115016482350e-01,-9.076137362198512248e-03,-4.681670867383048162e-01,3.530107267443181041e-01,-4.808884469683692986e-01,-5.819376366106607801e-01,1.449534190182191762e-02,1.799819315518879932e-03,3.740367612226559030e-03,7.775105177735795736e-03,7.806787656865196495e-04,4.649281077188523702e-03,3.167515930935681234e-02,5.044076991443379419e-03,1.123725597253472487e-03,1.462758014785802557e-03,2.347130045890208089e-03,4.768982711424110676e-02,1.405284705635621162e-02,-6.805807622504531085e-03,-1.025198741966629884e-02,1.169353979227993889e-02,-1.642697173721700821e-02,-2.095844343734454274e-02,-1.991770439323399533e-02,1.825274092692175457e-02,-1.814882032667879119e-03,-3.949777243278731476e-01,5.741912156717408067e-01,-5.564975917845518261e-01,-9.296291152576716676e-01,-6.363546499032435300e-01,5.676947728267911497e-02,3.720308988793153415e-01,6.218180026422887030e-02,2.398979708584056680e-01,-4.938338814376304620e-01,1.663954270398060320e-03,-4.639293374265585079e-02,2.482083310103110341e-01,-1.318308651248184180e-02,1.078353827270821068e-03,3.773201206625684777e-04,-1.169412844080079950e-01,-1.589188014667972191e-03,3.550242187184429743e-03,-1.822243531091898017e-02,-1.172217744260124414e-02,4.239144091959350102e-06,1.790557616415566940e-04,9.146584635837825238e-04,4.250648061828227880e-02,-2.072596726616963980e-02
3.130671506352086797e-02,1.920641383072079281e-02,3.153897162713003244e+00,7.899776242882348976e-02,1.445577516432857423e-01,3.917526022251783396e-02,5.877908926880983688e-03,3.720508166969146990e-02,-2.538162729130458928e+01,3.193956098435801749e+00,-1.739535908485322135e+00,-1.004212879502132560e+00,6.717543029614823080e-01,-3.612341575612327826e-01,-9.747636436342310695e-02,1.546446051940743305e-01,7.812419462531937364e-02,-4.381162161027991053e-01,2.545572359296860432e-01,-2.233289947623358640e-01,-7.516196647744890491e-01,3.809917752775892480e-02,1.673639046629494956e-03,3.301693721305844556e-03,4.710128390331015831e-03,1.472292955885986078e-03,7.156371433782015429e-03,2.284002390370842156e-02,4.154604490612813505e-03,8.209491057047694443e-04,1.606891854830560986e-03,3.925147732734614661e-03,8.658818289807183877e-02,2.415977378339297793e-02,-1.043557168784029626e-02,-1.384505192004872529e-02,-1.601296972740957614e-01,-4.153811049685013357e-03,7.402016432101227172e-03,-4.483037767866588502e-02,-1.525910684429527403e-02,-9.074410163339381719e-03,-1.156161945597538931e+00,9.794921091927601964e-01,7.690359007317191242e-01,-2.774638017685154834e-01,2.439382293123339984e-01,2.524812849067846754e-01,-3.901706139580077282e-01,3.045875166957225932e-01,8.720033198751789283e-02,3.005087063550571091e-02,-9.845349081463206087e-02,2.575594522060334346e-01,-1.696820281638282690e-01,2.360383562593700718e-02,-1.261802688893849753e-04,-4.386738909207144738e-04,-3.064976787404779905e-03,6.916141901994664288e-04,2.507090356593491727e-03,-8.835135405648390783e-03,-8.894725008305659139e-04,-3.027764915487030431e-04,1.441338400447584288e-04,1.578017686844406572e-03,3.889835578383073200e-02,1.010692672703676631e-02
8.756805807622504434e-02,1.154695109618794147e-03,3.193268316917945882e+00,1.911838611760167672e-01,1.846131670631202260e-01,8.207007393372074411e-01,1.903831390545852875e-02,2.413793103448275967e-01,-2.771452219626387148e+01,2.646206571417987874e+00,-4.152411673612459442e-01,-1.652573924056648103e-01,1.471960813394090906e-01,-2.268309977267330413e-01,8.917999073138307975e-02,-4.448331122503036694e-02,1.978331800634977322e-01,-4.873388196793991822e-01,4.891936412286135294e-03,-5.148510134272343830e-01,-3.514609252383099069e-01,1.342748297828069981e-01,5.099061826409694367e-03,9.303698031869140142e-03,7.666640965910576956e-03,4.003483041931393642e-03,3.209913227197476980e-03,1.026452434418991325e-02,2.536096922193110340e-03,1.684149020207998922e-03,3.623386836451782979e-03,1.545218524945499335e-02,3.416813693934412505e-02,3.571136045181044077e-02,5.626134301270417637e-02,-1.805171872110199888e-02,3.937115420494263773e-02,1.121860987471932775e-01,4.005541541983448361e-02,7.815254791146896141e-01,1.316040497857754593e-02,2.041742286751361268e-01,-2.332894904959282201e+00,-5.477495270178138753e-01,1.324294741124076191e+00,8.389554870964677225e-01,-5.245582216220732175e-01,1.344031598344997414e-01,1.866563550948061867e-01,-1.991279164191047113e-01,1.197089854381783586e-01,-4.922260357660007690e-02,-2.496652995173999079e-01,-2.915220186648985190e-01,4.001587395361791422e-01,9.617565225504806636e-02,3.425422779780199628e-03,6.002004310563295586e-03,2.956512575579561125e-03,2.531190086045407781e-03,-3.946458206584538449e-03,-1.257549955951850831e-02,-1.618507568419703165e-03,8.631999145032294776e-04,2.016494981621221993e-03,1.152703751672037868e-02,-5.242004595872771372e-02,1.155158666841746284e-02
1.170598911070780401e-01,1.328721473347581610e-04,2.954376538238129069e+00,1.743390866040012421e-01,1.447018234946154946e-01,1.396335766588068683e+00,5.011657481697247285e-03,2.613430127041742046e-01,-3.005879368906248317e+01,2.001443858959162103e+00,9.031193366953174650e-02,1.842399294675970967e-01,3.946568951574340733e-01,9.760904107244458561e-02,9.352219507098386009e-03,-3.631797456018553971e-01,4.606191644089613346e-01,-9.057219247714162758e-02,4.031433272417144220e-01,-4.344445720380454290e-01,-2.704880927278592861e-01,2.447627849329178998e-02,4.937342303362856483e-03,2.740963240031788969e-02,6.820548465029138523e-03,4.311313872421991544e-02,3.181698974170657935e-03,1.349828763642044530e-02,3.625346404544162269e-03,7.079917387305135687e-03,2.116297997058689574e-03,1.822304625561620497e-02,1.500909217923422460e-02,1.191469581466269440e-02,2.949183303085299579e-02,-1.021822962284036013e-03,-2.388917786798168130e-01,-1.684477457201552508e-02,-3.991134356850473131e-02,5.756350272508612420e-01,-1.402665642376128147e-02,1.996370235934660786e-02,-2.344271492798611689e+00,-6.447627124588257708e-01,5.055531010307776629e-01,3.494973218732618792e-01,2.474608138180249828e-01,3.244400387991775991e-01,-7.982777122428469374e-02,-3.186964343768250441e-01,2.627859843454636302e-01,3.967666272022575269e-01,3.982513908294282867e-01,8.040644138918895401e-02,8.097283251045062080e-02,-1.097985512895152116e-01,-1.617195230468378847e-04,1.810593436844874782e-02,-8.460925008814384335e-04,3.910965568228852440e-02,-2.821425302681904515e-05,3.233763292230532049e-03,1.089249482351051929e-03,5.395768367097136982e-03,-1.507088839393093405e-03,2.770861006161211629e-03,-1.915904476010989871e-02,-2.379666463714774638e-02
5.852994555353902006e-02,6.080651770197176639e-05,3.112790247169733959e+00,1.597534912502310833e-01,1.758180257361791066e-01,5.429145005353961384e-01,4.818245975865158293e-03,5.444646098003629725e-02,-3.176292057539562919e+01,2.364206255616341679e+00,2.254138949075991383e-01,4.794778664648841060e-01,6.570547627856719863e-01,2.820079987817162293e-01,3.361726614170588712e-01,2.272983481512828863e-01,5.347780275649671733e-02,-4.073924432823677888e-02,4.250801441689709415e-01,-1.216683924373063580e-01,-3.844685878537234536e-01,4.518937543419659225e-02,9.780910693727266902e-04,7.327024366180628911e-02,1.329528549202406949e-02,5.356107871200087994e-02,3.437449460776370157e-03,5.067920794752147490e-02,9.996839191894813827e-04,9.246723487776130996e-04,5.525137577896395077e-03,8.144781780082835376e-03,1.470839838377752899e-03,2.518881185626219849e-02,-5.852994555353902006e-02,-7.206562963278640137e-05,1.584137089316048908e-01,-1.458559535377015881e-02,3.111620224156361192e-02,-8.534212660526725447e-01,-1.934115058320889924e-04,-2.068965517241379004e-01,-1.704126886333146018e+00,3.627623966571795755e-01,1.351019612380673918e-01,2.952379369972870093e-01,2.623978676282379130e-01,1.843989577092716436e-01,3.268204419099605129e-01,5.904780937531383112e-01,-4.071413616524646173e-01,4.983294814890484870e-02,2.193681692725651944e-02,3.127761796007390571e-01,-1.139804951258641674e-01,2.071309694090480227e-02,-3.959251233990129792e-03,4.586061126148839595e-02,6.474737026994930970e-03,1.044793998778096450e-02,2.557504866057122225e-04,3.718092031110102613e-02,-2.625662485354680886e-03,-6.155245038527522479e-03,3.408839580837705503e-03,-1.007826447553336960e-02,-1.353825234085647214e-02,1.327411604159950409e-02
6.578947368421052266e-02,2.835681337272422919e-05,3.103759112578754031e+00,1.611282609867230042e-01,1.956282847328568164e-01,3.825758518482536563e-01,4.805915166804138224e-03,4.627949183303085162e-02,-3.231013007996141084e+01,2.228180080682975905e+00,7.394415815164515071e-02,6.385203929719598381e-01,3.906366860382711748e-01,3.169722903864170549e-01,3.497536908886687002e-01,-7.295582512960986643e-02,-1.289097775230264864e-02,-2.571457456639303710e-02,3.751299186439817079e-01,1.310079296139807781e-01,5.921332628905653928e-02,3.064164321699105586e-03,1.227859994435129276e-03,3.358738405922982728e-02,4.241798827154409819e-03,1.995034512221052075e-02,7.018474232843220639e-03,4.884299201494252812e-02,4.097369913479948812e-03,1.766131064037769005e-03,4.314460436638891533e-02,8.539303656402787157e-02,1.871849202540537809e-03,2.546516607703484814e-02,7.259528130671502599e-03,-3.244970432924754059e-05,-9.031134590979927879e-03,1.374769736491920913e-03,1.981025899667770984e-02,-1.603386486871424821e-01,-1.233080906102006907e-05,-8.166969147005445628e-03,-5.472095045657816570e-01,-1.360261749333657733e-01,-1.514697367559539876e-01,1.590425265070757321e-01,-2.664180767474008116e-01,3.496429160470082564e-02,1.358102947160982898e-02,-3.002541732808927666e-01,-6.636878050879936597e-02,1.502466976184374178e-02,-4.995022552498923352e-02,2.526763220512871500e-01,4.436819141427800206e-01,-4.212521111249748623e-02,2.497689250624025858e-04,-3.968285960257646183e-02,-9.053486664869658807e-03,-3.361073358979035919e-02,3.581024772066850482e-03,-1.836215932578946775e-03,3.097685994290467430e-03,8.414587152601559058e-04,3.761946678849251852e-02,7.724825478394503619e-02,4.010093641627849106e-04,2.763542207726496502e-04
4.446460980036297944e-02,2.394967579514923532e-05,3.229803470058919324e+00,1.602010908021799518e-01,1.859684480026796982e-01,4.227275038112440764e-01,2.355852231691675253e-03,4.537205081669691553e-02,-3.255141828711981589e+01,2.092814345991566682e+00,2.388613475718053686e-02,5.710574560388095300e-01,4.299434166656731504e-01,2.496357192667194858e-01,1.500073479330637227e-01,1.980511252769887043e-02,2.679616595834091175e-01,1.791224180593256055e-01,3.275873726933283270e-01,-4.093504044257295638e-02,-3.738858010844988700e-01,2.784789740143164480e-02,4.140679011946203441e-04,2.221325042975180394e-02,2.725296503701263740e-03,8.853368449719168504e-03,1.482515144875297093e-03,1.129985724603345537e-01,3.254020648328824483e-03,1.086381143209766940e-03,1.540879882376570281e-02,4.582891161805539154e-02,4.862861257225920691e-03,3.084346698800696437e-02,-2.132486388384754322e-02,-4.407137577574993871e-06,1.260443574801652922e-01,-9.271701845430524447e-04,-9.659836730177118191e-03,4.015165196299042005e-02,-2.450062935112462970e-03,-9.074410163339360902e-04,-2.412882071584050436e-01,-1.353657346914092230e-01,-5.005802339446461385e-02,-6.746293693315030815e-02,3.930673062740197565e-02,-6.733657111969756914e-02,-1.997463429556049774e-01,9.276093765730873686e-02,2.808526373357117523e-01,2.048369926257186391e-01,-4.754254595065338096e-02,-1.719429700565537344e-01,-4.330991273735553815e-01,2.478373307973253878e-02,-8.137920932405088778e-04,-1.137413362947802334e-02,-1.516502323453146079e-03,-1.109697667249135225e-02,-5.535959087967923763e-03,6.415558044539201865e-02,-8.433492651511243290e-04,-6.797499208280020650e-04,-2.773580554262321252e-02,-3.956412494597248003e-02,2.991012054685382882e-03,5.378300910972116239e-03
6.352087114337567897e-02,2.346959393949325171e-05,3.218453190677448728e+00,1.600174554294000739e-01,1.793206888075398187e-01,5.186117660282720809e-01,3.230159626033069810e-03,5.716878402903811246e-02,-3.260267695826641443e+01,2.129589726114887949e+00,2.911906128177083053e-01,6.475862132458853893e-01,4.038590632773857991e-01,1.018754541707312528e-01,7.251341472280606326e-02,1.287022640178243915e-01,9.728086650554509940e-02,2.295057705518777635e-01,1.670283686962467096e-01,-1.008880492147770092e-01,-8.696549790267690816e-02,1.621687168564128409e-02,1.290820908480525648e-03,7.329907507661224952e-02,1.048882050842445644e-02,3.719986551715775969e-02,4.576290480360780018e-03,1.104024716869201894e-01,9.213998510436756818e-04,2.423234540076250020e-03,7.018760824048058712e-03,1.695651089008932619e-02,3.686735514252182083e-03,3.285560229991897618e-02,1.905626134301269953e-02,-4.800818556559836078e-07,-1.135027938147059601e-02,-1.836353727798778479e-04,-6.647759195139879562e-03,9.588426221702800456e-02,8.743073943413945566e-04,1.179673321234119693e-02,-5.125867114659854451e-02,3.677538012332126627e-02,2.673044780605277615e-01,7.652875720707585927e-02,-2.608435338828735128e-02,-1.477602650959882191e-01,-7.749393321025765946e-02,1.088971514901255211e-01,-1.706807930778640181e-01,5.038335249255215809e-02,-1.605590039970816174e-01,-5.995300877220405278e-02,2.869203031818219340e-01,-1.163102571579036071e-02,8.767530072859052500e-04,5.108582464686044211e-02,7.763524004723193137e-03,2.834649706743859118e-02,3.093775335485483141e-03,-2.596100773414364293e-03,-2.332620797285149018e-03,1.336853396866483079e-03,-8.390037999717644968e-03,-2.887240072796606535e-02,-1.176125742973738609e-03,2.012135311912011809e-03
6.715063520871143721e-02,3.263855951264108115e-05,2.963822610912564937e+00,1.587431030244389474e-01,1.869842637305187960e-01,3.979114999208894221e-01,2.071420965867000127e-03,4.264972776769510032e-02,-3.246728713909266162e+01,2.077799037994724429e+00,3.333486550554722871e-01,7.938328514139597614e-01,6.531708599849365138e-01,2.465977148774428085e-01,2.209202310297312954e-01,7.930015543487783924e-02,-5.024824270571458251e-03,-1.450525762924399220e-01,3.059653931752975842e-01,2.278681084415378200e-01,1.150386587532743338e-01,1.671000717588747020e-02,3.674073175996193886e-04,8.163316358270271411e-02,1.506066879885178955e-03,4.453836226464855802e-02,6.262978955607045525e-03,7.274032141957584296e-02,1.276751833587086091e-03,2.033961220970879110e-03,8.740569020102933323e-03,3.936863853422876980e-02,1.040514669339477919e-03,2.818793594235581915e-02,3.629764065335758239e-03,9.168965573147829439e-06,-2.546305797648837910e-01,-1.274352404961126561e-03,7.663574922978977355e-03,-1.207002661073826588e-01,-1.158738660166069682e-03,-1.451905626134301214e-02,1.353898191737528123e-01,-5.179068812016351941e-02,4.215804223776398185e-02,1.462466381680743721e-01,2.493117967075507146e-01,1.447222607067115696e-01,1.484068163069252322e-01,-4.940210858294655227e-02,-1.023056907761165646e-01,-3.745583468443176578e-01,1.389370244790508746e-01,3.287561576563148291e-01,2.020041566559512280e-01,4.931354902461861089e-04,-9.234135908809062597e-04,8.334088506090464588e-03,-8.982753628539277488e-03,7.338496747490798333e-03,1.686688475246265508e-03,-3.766215026734434645e-02,3.553519825434104090e-04,-3.892733191053709095e-04,1.721808196054874611e-03,2.241212764413944361e-02,-2.646220844912704380e-03,-4.667666357563157037e-03
6.624319419237749418e-02,2.943328537267985722e-05,3.047695407980237192e+00,1.651913225264014240e-01,1.912510795206556757e-01,4.379292752060041649e-01,2.259329135158272186e-03,3.992740471869328511e-02,-3.270923005093315794e+01,2.131048415865954393e+00,3.525089201069447897e-01,6.466635767654065337e-01,6.301979558332684306e-01,2.472172097432380755e-01,1.004865991060732155e-01,-5.079224843193339001e-02,2.080470418618660944e-01,-8.227640852224993306e-02,2.962804769648542114e-01,-1.771152697806673004e-02,2.880428935283860584e-02,1.068249631581127262e-02,1.409220730810366740e-03,6.104281146375754169e-02,4.921976143450909787e-03,4.345104738213212414e-02,2.248167857976160738e-03,1.516881388265764186e-01,8.335842197649007829e-04,1.579098901185617366e-03,4.416676244894596377e-03,1.109997127560080968e-02,1.911869489566000654e-03,4.247778449088601693e-02,-9.074410163339430291e-04,-3.205274139961223934e-06,8.387279706767225562e-02,6.448219501962476619e-03,4.266815790136879727e-03,4.001777528511474280e-02,1.879081692912720584e-04,-2.722323049001815209e-03,-2.419429118404963219e-01,5.324937787122996369e-02,1.916026505147250258e-02,-1.471692746485532277e-01,-2.297290415166808319e-02,6.194948657952670246e-04,-1.204336319236580799e-01,-1.300924038668112293e-01,2.130718661324375596e-01,6.277616777018998895e-02,-9.684916210443372808e-03,-2.455796354196045361e-01,-8.623436940043573140e-02,-6.027510860076197574e-03,1.041813413210747243e-03,-2.059035211894517242e-02,3.415909263565730832e-03,-1.087314882516433878e-03,-4.014811097630884354e-03,7.894781740700057560e-02,-4.431676138221853078e-04,-4.548623197852617438e-04,-4.323892775208336946e-03,-2.826866725862796012e-02,8.713548202265227350e-04,1.428984854853019779e-02
4.355716878402903641e-02,3.660328608347940401e-05,3.088128325755133297e+00,1.572918627886946974e-01,1.885728447282696563e-01,3.131006213855332954e-01,2.970173869866120538e-03,2.722323049001814863e-02,-3.265591115772148356e+01,2.192475694768019956e+00,2.437510058413232539e-01,6.003478844445689910e-01,6.646259960301765801e-01,3.115460675870688201e-01,3.544259940753852756e-01,9.767631156915401736e-02,3.806117524187577206e-01,2.142389948909161901e-01,6.611842827952237045e-02,-7.179123103161338948e-02,8.114573596718532844e-02,4.683576949694604266e-03,2.373406838382480406e-03,1.044574698390861311e-01,5.724615975385966178e-03,2.061459757297076992e-02,3.892564303116371680e-03,1.007378486170210502e-01,7.306832851208003255e-04,1.579692918752601991e-04,1.074896706191760115e-02,2.358565985215003991e-02,2.167075839541608186e-03,3.618187249480673412e-02,-2.268602540834845777e-02,7.170000710799546794e-06,4.043291777489610439e-02,-7.899459737706726603e-03,-2.678234792386019469e-03,-1.248286538204708696e-01,7.108447347078483518e-04,-1.270417422867513649e-02,5.331889321167437856e-02,6.142727890206556296e-02,-1.087579142656215359e-01,-4.631569232083754262e-02,3.442804019690814954e-02,6.432885784383074457e-02,2.539393949693120600e-01,1.484685600010874074e-01,1.725647105568916262e-01,2.965154034131661231e-01,-2.301620486853318548e-01,-5.407970405354665944e-02,5.234144661434672607e-02,-5.998919366116668359e-03,9.641861075721136660e-04,4.341465837532858946e-02,8.026398319350563915e-04,-2.283644980916135422e-02,1.644396445140210942e-03,-5.095029020955536836e-02,-1.029009346441004573e-04,-1.421129609310357086e-03,6.332290817023004774e-03,1.248568857654923023e-02,2.552063499756075313e-04,-6.295911996079282813e-03
7.032667876588022393e-02,2.781298804037060673e-05,2.983689517169427319e+00,1.669721696226779406e-01,1.988339623084861840e-01,3.929086458339050569e-01,4.184126446518715049e-03,3.720508166969146990e-02,-3.256985224394853873e+01,2.136212233461844079e+00,3.612805106426449364e-01,6.159998302940981052e-01,3.481281691368669495e-01,2.277832743744175326e-01,1.197155280847747305e-01,-7.635979892875702224e-02,2.108381383312923213e-02,9.403082009973301458e-02,1.486829313923829499e-01,1.612046014802527849e-01,-9.279119438618753379e-02,4.513342905427362474e-03,6.180355531494640189e-04,1.889649310228787640e-02,4.903777454383078695e-03,4.204968501307219247e-02,5.381039107624117739e-03,1.348939849696638160e-01,1.231000316032134162e-03,1.635785473881146840e-03,5.936266866724054445e-03,4.963435228774491781e-02,4.404356014202192270e-03,3.725696610759170191e-02,2.676950998185118752e-02,-8.790298043108797285e-06,-1.044388085857059778e-01,9.680306833983243209e-03,1.026111758021652776e-02,7.980802444837176157e-02,1.213952576652594512e-03,9.981851179673321278e-03,8.605891377294483391e-02,-5.626346130617587704e-02,1.175295048013216825e-01,1.565194584952911416e-02,-3.164978268933096306e-01,-8.376279321265128752e-02,-2.347104659906105451e-01,-1.740361104979110396e-01,-3.595279385856284815e-01,-1.202081747911831755e-01,8.256450311286057941e-02,2.329958325118661744e-01,-1.739369303533728761e-01,-1.702340442672417922e-04,-1.755371285233016387e-03,-8.556097673679825821e-02,-8.208385210028874834e-04,2.143508744010142256e-02,1.488474804507746059e-03,3.415613635264276582e-02,5.003170309113338368e-04,1.477816182005886559e-03,-4.812700195193546707e-03,2.604869243559487790e-02,2.237280174660584084e-03,1.075093612784967789e-03
3.402903811252268318e-02,3.866125664319568987e-05,3.133689040111169888e+00,1.610530439173372130e-01,2.060003265399202033e-01,2.843848042049860192e-01,1.823860855523612738e-03,2.903811252268602427e-02,-3.235297024755564621e+01,2.351802342999082640e+00,2.591407809368835302e-01,6.856314599476630578e-01,3.973476894559585526e-01,2.241360695244709600e-01,1.973107001770117719e-01,1.854772918981388852e-01,1.403364854289526065e-01,-7.233688671301929940e-02,2.302514901426784555e-02,-1.771355767630907185e-01,2.711143415454020933e-01,7.255636942019351616e-03,2.482055412500946533e-03,2.683629940058486138e-02,3.841685375771461755e-03,2.167820497830963075e-02,3.748527832574817011e-03,1.654531224486450180e-01,1.033240322849168129e-03,9.475370641868394693e-04,3.956291912773568335e-03,4.059960710621542818e-02,4.084339551809203998e-04,4.459737171989792970e-02,-3.629764065335754075e-02,1.084826860282508314e-05,1.499995229417425691e-01,-5.919125705340727572e-03,7.166364231434019239e-03,-1.085238416289190377e-01,-2.360265590995102095e-03,-8.166969147005445628e-03,2.168819963928925176e-01,2.155901095372385612e-01,-1.021397297057614062e-01,6.963162965356495260e-02,4.921952031909160308e-02,-3.647204849946572569e-03,7.759517209223704137e-02,2.618370908268958797e-01,1.192526715958233674e-01,-1.663677068127523140e-01,-1.256577823781150904e-01,-3.383401782433435034e-01,3.639055359315896410e-01,2.742294036591989143e-03,1.864019859351482514e-03,7.939806298296984977e-03,-1.062092078611616940e-03,-2.037148003476256172e-02,-1.632511275049300728e-03,3.055913747898120203e-02,-1.977599931829660332e-04,-6.882484096943073705e-04,-1.979974953950486109e-03,-9.034745181529489633e-03,-3.995922059021272087e-03,7.340405612306227789e-03
3.765880217785844142e-02,1.181781046607101012e-03,2.192619380076318514e+00,1.003617924072324891e-01,1.545765519999698911e-01,2.727457558883411570e-01,9.290685633924445838e-03,5.626134301270417637e-02,-2.661970182460413525e+01,2.403318919889657401e+00,-1.181356262989838424e+00,-8.477227536822001808e-02,2.279115932591239124e-01,-7.848202328502185132e-01,2.530035108407189259e-01,1.344780598174129538e-01,-3.333738139704449654e-01,2.377762092018710083e-01,-1.180188659341667307e-01,-4.631847464339937659e-01,-5.009267205841029247e-01,3.994052737627938610e-02,2.506658380001435676e-02,3.017434483023899092e-02,1.369427985226839145e-02,5.968305678822854836e-03,9.139868503085351800e-03,1.883790868388563605e-02,1.045527971616402353e-02,7.125162074507074977e-03,6.588917265148530426e-03,7.401959271951847816e-03,7.860268527476208661e-03,1.059744682619552861e-02,3.629764065335758239e-03,1.143119789963905220e-03,-9.410696600348513741e-01,-6.069125151010472397e-02,-5.142377453995031211e-02,-1.163904831664486217e-02,7.466824778400832884e-03,2.722323049001815209e-02,5.733268422951510956e+00,5.151657689057476119e-02,-1.440497043926721954e+00,-7.704037353158830204e-01,-1.694360961968346402e-01,-1.008956302374689473e+00,5.569281066370715405e-02,-5.099923208072593139e-02,-4.737102993993975719e-01,3.101130959148903354e-01,-1.410440149484345762e-01,-2.860491696709030474e-01,-7.720410621295050735e-01,3.268489043426003188e-02,2.258452838751340980e-02,3.338045429654129537e-03,9.852594476496929696e-03,-1.570989929948677505e-02,5.391340670510534790e-03,-1.466152137647593889e-01,9.422039393314854752e-03,6.177625010320235074e-03,2.632625352374962091e-03,-3.319764783426357863e-02,7.451834572295288478e-03,-3.399992489370240456e-02
5.036297640653357444e-02,1.400150564638064782e-02,3.227893409434460015e+00,1.190301483429494489e-01,1.559021517638930210e-01,3.729379409950803748e-01,1.130431889195165560e-02,7.622504537205081199e-02,-2.431901066747195728e+01,6.120859668936478037e-01,-7.931319173357411767e-01,1.543442609131222554e-01,2.485603643918801176e-01,4.608483078394463028e-01,4.650309273059299864e-02,-3.825670786801998458e-01,7.510539773776696293e-02,-1.773939108752998761e-01,-7.059754176174964924e-01,-8.542175275253860445e-01,-5.537023130557863215e-01,2.037860244288391010e-03,6.908392240918815458e-03,1.227904633859535667e-02,2.047014333857155241e-02,2.592537302647649790e-03,3.084752094928992685e-03,1.344277646185391062e-03,3.981591982386935074e-04,9.839729148491408589e-03,7.297028209191261210e-03,1.242619979047419453e-03,5.722300226047328034e-03,5.608871199190111102e-03,1.270417422867513302e-02,1.281972459977354616e-02,1.035274029358141501e+00,1.866835593571695984e-02,1.325599763923129837e-03,1.001921851067392177e-01,2.013633258027209758e-03,1.996370235934663562e-02,2.300691157132177977e+00,-1.791232952996009598e+00,3.882243456540972470e-01,2.391165362813422735e-01,2.064877113275620513e-02,1.245668540689664816e+00,-2.065004181101259273e-01,-5.170451384976127995e-01,4.084792117082119423e-01,-4.151701200771709122e-01,-5.879565516833297201e-01,-3.910327810913922786e-01,-5.277559247168339684e-02,-3.790266713199099552e-02,-1.815819155909554131e-02,-1.789529849164363251e-02,6.775863486303160960e-03,-3.375768376175205046e-03,-6.055116408156358682e-03,-1.749363103770024477e-02,-1.005712051792533035e-02,2.714567073984333612e-03,7.081109440427307833e-04,-6.159339292904427929e-03,-2.137968301428880627e-03,-4.988575627005417505e-03
3.266787658802177557e-02,2.177018124539116181e-03,3.056298662644742148e+00,1.193948657136954805e-01,1.719828269367170426e-01,3.578332641496855815e-01,8.701492815617474508e-03,6.170598911070780679e-02,-2.612120230482486960e+01,1.365645380497790828e+00,-1.970604098612275812e-01,-6.886962294807807972e-01,-3.427097371744251136e-02,6.504887350903251764e-02,-6.263265661707322352e-01,-3.424395520689703654e-01,2.848162726313213655e-01,-1.612028818984717615e-01,-6.669215202244274110e-01,-4.963815946613928665e-01,-1.571653539300433833e-01,5.030581239945067402e-03,3.278264509302472943e-03,2.470897285370047061e-02,2.540117089792882921e-02,1.107364391010884908e-01,4.627586451907555153e-03,4.322226811234407967e-03,1.651779006366271797e-03,5.598950620779178169e-03,1.231597000289916428e-02,5.467525962566950615e-03,3.480110426441588873e-03,2.924692146867769252e-02,-1.769509981851179886e-02,-1.182448752184153164e-02,-1.715947467897178669e-01,3.647173707460316106e-04,1.608067517282402159e-02,-1.510467684539479327e-02,-2.602826076334181088e-03,-1.451905626134300520e-02,-1.802191637352912323e+00,7.535594136041430247e-01,5.960715074745135400e-01,-8.430404903939030525e-01,-2.828313381093226497e-01,-3.957994343304137574e-01,-6.728296589013251783e-01,4.012752661122948039e-02,2.097108748935543887e-01,1.619102897682811459e-02,3.905389739306908137e-02,3.578359328639931780e-01,3.965369591257429382e-01,2.992720995656676392e-03,-3.630127731616342515e-03,1.242992651510511394e-02,4.931027559357276796e-03,1.081439017984408418e-01,1.542834356978562468e-03,2.977949165049016689e-03,1.253619808127578398e-03,-4.240778527712230420e-03,5.018941793707903075e-03,4.224905983519530728e-03,-2.242189799605739161e-03,2.363805026948758228e-02
5.580762250453720485e-02,7.910022393338496383e-03,3.222275949227877412e+00,1.080232336753326888e-01,1.284986279112786955e-01,5.791319706753232932e-01,5.844432490330743989e-03,1.007259528130671489e-01,-2.482366917743236101e+01,7.925987734898888304e-01,2.804532904996220877e-01,8.476536238311586924e-02,-4.084778671838924513e-01,6.383388208007959586e-01,-6.008384725193438580e-01,-3.415998218189595370e-01,-3.713467019363513311e-01,-2.859352216689867721e-01,-6.111419884951843073e-01,-9.409851075587970515e-01,1.176581200977178665e-01,2.002244649304484557e-03,1.209973087307680004e-03,2.151553885331762214e-02,4.498439885773803520e-02,5.041308735373436350e-02,3.509032369585296431e-03,3.194403112372692054e-03,4.458220866031998870e-04,1.130126230738551490e-03,7.027485138012989907e-02,1.580882629278545972e-03,3.209776496739776604e-04,2.353344769452921093e-02,2.313974591651542928e-02,5.733004268799380201e-03,1.659772865831352640e-01,-1.137163203836279168e-02,-4.348419902543834703e-02,2.212987065256377117e-01,-2.857060325286730519e-03,3.901996370235934208e-02,1.297533127392508590e+00,-5.730466070079019980e-01,4.775137003608496689e-01,7.734615918638966248e-01,-3.742068934664499191e-01,5.732899472917634132e-01,2.548809365138837713e-02,8.397302500108283496e-04,-6.561629745676726966e-01,-1.247323397705150105e-01,5.577953172924310365e-02,-4.446035128974041850e-01,2.748234740277612498e-01,-3.028336590640582845e-03,-2.068291421994793156e-03,-3.193434000382848470e-03,1.958322795980920600e-02,-6.032335174735412725e-02,-1.118554082322258721e-03,-1.127823698861715913e-03,-1.205956919763071910e-03,-4.468824390040626246e-03,5.795888137723073652e-02,-3.886643333288404643e-03,-3.159132776767611429e-03,-5.713473774148481593e-03
4.219600725952812881e-02,2.904309695702318988e-03,3.094956890713650211e+00,1.184502074752212669e-01,1.850033562628837225e-01,2.207303085414578370e-01,9.040618008105006514e-03,5.444646098003629725e-02,-2.644947012833416622e+01,1.958488951323686056e+00,-6.374191906135682206e-01,9.355147760466527851e-01,-1.740235162412427095e-01,1.168833295691270452e-01,-5.231113825574651433e-01,-2.021207003891686282e-01,-3.461647543642598635e-01,4.635335928966213825e-02,-5.637352328312631444e-01,-1.017773761287554146e+00,3.903992055745504342e-01,5.189719157603958286e-03,8.317299719563989559e-04,1.338809145688309166e-02,5.802748171555773687e-02,3.161209154189469073e-02,1.241058109950731771e-02,6.930866073061634804e-03,3.835902785279734768e-04,2.068920831237261448e-03,7.980053501880818995e-03,5.499019364390783128e-03,7.129159256367824469e-04,1.612803949850784291e-02,-1.361161524500907605e-02,-5.005712697636176961e-03,-1.273190585142272013e-01,1.042697379988857809e-02,5.650472835160502694e-02,-3.584016621338654840e-01,3.196185517774262526e-03,-4.627949183303085162e-02,-1.625800950901805209e+00,1.165890177833797114e+00,-9.178724811131903083e-01,8.507494136635369575e-01,2.344543509426497419e-01,-5.214554912316688995e-01,7.772708996187871477e-02,1.394791214297909088e-01,2.518194757209146761e-02,3.322885809586488826e-01,4.740675566392116291e-02,-7.678865372875709472e-02,2.727410854768325676e-01,3.187474508299473729e-03,-3.782431153512810481e-04,-8.127447396434530485e-03,1.304308285781970167e-02,-1.880099581183967278e-02,8.901548729922020842e-03,3.736462960688942750e-03,-6.223180807522641017e-05,9.387946004987099587e-04,-6.229479787824908354e-02,3.918136735112237590e-03,3.919382759628047865e-04,-7.405408196021368017e-03
4.219600725952812881e-02,1.094914875821432348e-02,3.171367173762121627e+00,9.629516233542464998e-02,1.386666921292711019e-01,1.613497005168050558e-01,1.538104085396240286e-02,5.626134301270417637e-02,-2.527225640904004322e+01,8.124482736186910969e-01,-1.775853322125477529e+00,7.627870372448497527e-02,1.782268935768833162e-01,5.044661653921276301e-01,-1.492445184341555098e-01,-3.393000836547318544e-01,-5.710068450562532094e-01,2.026693426298528666e-01,-4.446308508824043382e-01,-6.118830339406291507e-01,-2.251772392746761164e-01,5.341629973024282756e-04,2.262134986349022866e-04,1.003867545678125382e-02,8.524119957750613333e-03,1.421554347470691763e-03,1.135070092061365001e-03,1.465485632092653487e-03,1.759288763021305555e-03,3.633281860205313154e-03,1.298711688921416196e-01,3.281530057041872478e-03,1.228783725059260246e-03,3.518640505485217534e-02,0.000000000000000000e+00,8.044839062512004063e-03,7.641028304847141683e-02,-2.215504513979661694e-02,-4.633666413361262060e-02,-5.938060802465278121e-02,6.340422845857396350e-03,1.814882032667879119e-03,1.177213719294122996e+00,-1.146040677704994959e+00,-1.138434131511909309e+00,-8.592360723221678098e-01,3.522504098181260535e-01,3.875828358230005710e-01,3.738668641233096057e-01,-1.371793832655632261e-01,-2.248420906919933460e-01,1.563159833401907284e-01,1.191043819488588063e-01,4.058907273469249954e-01,-6.155764448492265783e-01,-4.655556160301529793e-03,-6.055164733214966422e-04,-3.349416000101837834e-03,-4.950336175780712528e-02,-3.019053719442399766e-02,-1.127551100744595206e-02,-5.465380440968981533e-03,1.375698484493332024e-03,1.564361028968051705e-03,1.218911153902608041e-01,-2.217489307348910650e-03,5.158677994224777994e-04,1.905836555634433244e-02
5.353901996370236116e-02,1.402844776187571300e-02,3.132283340163048990e+00,9.951844991084481118e-02,1.065361262094190881e-01,3.997548156187807344e-01,9.589315901205363105e-03,9.074410163339383106e-02,-2.455857585124268994e+01,2.608922202456087636e-01,-8.205936132581130860e-01,-5.853112313136730194e-01,9.150640835975099030e-02,8.366224006848060890e-01,-3.519108441469588344e-01,4.377760546611339509e-02,2.217379724968195354e-01,3.889475462331785580e-03,1.470167871214521638e-01,-7.326729720813209834e-01,-4.397484243328473319e-01,9.314751055790652066e-04,6.670588677102140063e-04,4.380633670029309909e-03,1.949298422622111919e-03,1.050340716815647722e-03,9.805145649979057042e-04,7.828428693260834062e-04,2.489772055338704878e-03,2.474840060392507687e-03,4.527521435440175213e-02,3.142754554798436566e-03,3.193691495205724321e-03,1.201241559353101972e-02,1.134301270417423235e-02,3.079299003661389519e-03,-3.908383359907263710e-02,3.223287575420161200e-03,-3.213056591985201382e-02,2.384051151019756787e-01,-5.791724952757039760e-03,3.448275862068965469e-02,7.136805577973532877e-01,-5.515560533730823334e-01,9.552597088673644432e-01,-6.615899350381579946e-01,-8.672048521713232594e-02,3.321562352926784589e-01,-2.026663257128033246e-01,3.830776891208452772e-01,7.927448175530726893e-01,-1.987798671675210793e-01,5.916476380038564464e-01,-1.207899381406918327e-01,-2.145711850581712155e-01,3.973121082766369310e-04,4.408453690753116926e-04,-5.658041786751943913e-03,-6.574821535128501197e-03,-3.712136306550440409e-04,-1.545555270634592967e-04,-6.826427627665700810e-04,7.304832923173993232e-04,-1.158441799812805467e-03,-8.459595453773986751e-02,-1.387755022434359123e-04,1.964907770146464075e-03,-2.317398946132115389e-02
5.716878402903811246e-02,4.653605868238019569e-03,3.041870101957365069e+00,1.287789074725373961e-01,1.460123380626173195e-01,4.635983204859757678e-01,1.729978161748047666e-02,8.076225045372051325e-02,-2.612418692732483194e+01,1.880908302046575109e+00,7.959442397264092639e-01,-5.185501964183967250e-01,-4.230939277192568015e-01,6.988649471479460584e-02,-7.250450092342761721e-01,-4.042487914791357273e-01,-2.278314887260596278e-01,-3.529238537401759856e-01,-3.246694331879940165e-01,-8.520760100924720248e-01,-1.490306010977418549e-01,4.492175455769156084e-03,3.031264053900329172e-03,4.144287253690803752e-02,2.062025011011403217e-02,1.516790013800601300e-01,1.217759235098594267e-02,6.505858025479030991e-03,7.399756463882885998e-05,1.874575209449565400e-03,4.098640779927283963e-03,1.465232648872300415e-03,1.264779992078005413e-03,4.106690043286072289e-02,3.629764065335751300e-03,-9.374841893637693435e-03,-9.041323820568392122e-02,2.926045756169258494e-02,3.947621185319823145e-02,6.384350486719503337e-02,7.710465716275113554e-03,-9.981851179673317809e-03,-1.565611076082142006e+00,1.620016081800966345e+00,1.616537852984522239e+00,6.676103489527629442e-02,-5.146003360790077918e-01,-7.667359059700115109e-01,-3.731341650873173377e-01,-4.480263969452491501e-01,-4.495694612228791631e-01,-3.568133292025077452e-01,-4.716862203094461803e-01,-1.194030380111510414e-01,2.907178232351054770e-01,3.560700350190090877e-03,2.364205186190115274e-03,3.706223886687872587e-02,1.867095168749191916e-02,1.506286606632444847e-01,1.119707778598803653e-02,5.723015156152947910e-03,-2.415774490699876004e-03,-6.002648509429422876e-04,-4.117657357447446903e-02,-1.677521905926136151e-03,-1.928911503127718908e-03,2.905448483932970144e-02
3.312159709618874709e-02,7.575614608201086328e-03,2.921391515085417279e+00,1.386991345581034818e-01,1.952820378679401003e-01,3.001353032468798698e-01,5.500126376225824947e-03,2.359346642468239733e-02,-2.554047499757752249e+01,2.575277647644699464e+00,7.768784269647541763e-01,-5.765509188392777817e-01,-5.789300426348429479e-02,-2.037926305362700030e-01,-2.301350294589478984e-01,-4.390934486498672129e-01,-6.755270776333787142e-01,-3.698558224121334392e-01,-4.717610269196771400e-01,-2.712121045118978321e-02,4.389676748982017374e-03,8.887008717256228429e-03,7.575840748136349447e-04,2.510200004336853377e-02,1.171547831801739159e-01,7.470195883424926575e-02,3.479547383876847172e-02,1.395767097839315136e-02,5.414703123585819840e-04,5.737326854321852035e-03,2.735779834437831581e-03,4.019466960461194269e-03,7.501266787780061810e-04,3.477473278760114667e-02,-2.404718693284936537e-02,2.922008739963066759e-03,-1.204785868719477904e-01,9.920227085566085679e-03,4.926969980532278082e-02,-1.634630172390958980e-01,-1.179965524125465084e-02,-5.716878402903811940e-02,5.837119297473094548e-01,6.943693455981243545e-01,-1.906581276165508765e-02,-5.800072242088105678e-02,3.652009234557724859e-01,-2.736791252510646366e-01,4.949099797753282459e-01,-3.484465717073148561e-02,-4.476955889073190864e-01,-1.693196867195745359e-02,-1.470915937316831235e-01,8.249547996412822659e-01,1.534202778467238792e-01,4.394833261487072346e-03,-2.273679979086694336e-03,-1.634087249353950375e-02,9.653453307005988027e-02,-7.697704254581086425e-02,2.261788148778252905e-02,7.451812952914120373e-03,4.674727477197531105e-04,3.862751644872286852e-03,-1.362860945489452382e-03,2.554234311588893854e-03,-5.146533132999992323e-04,-6.292167645259576225e-03
2.223230490018148972e-02,1.759149480080247907e-02,3.305866706697084378e+00,1.295483099458754062e-01,1.727497257939040465e-01,4.461694495886447398e-01,1.918417284410148943e-02,2.450090744101633342e-02,-2.588877437702413786e+01,1.880251441404286794e+00,5.711108257524375453e-01,-8.257216570089864760e-01,2.753805901959706093e-01,-2.568527831151785068e-01,-3.457935552698216952e-01,-3.618596327520618994e-01,-1.080462858872899945e+00,-5.864250516300366645e-01,-7.010351806274630615e-01,1.884428482109479219e-01,4.204372978363815072e-01,8.584343826176234985e-04,8.375088418736235398e-05,1.054044370288118818e-03,9.294752610253094460e-03,2.578546935928657247e-01,6.730382108428726966e-03,1.185759726563924248e-03,2.745746536361580881e-04,5.155839027199275769e-04,3.254729246370889986e-04,1.199792636579570396e-03,1.263740822916056925e-04,7.077882674584155820e-02,-1.088929219600725737e-02,1.001588019260139274e-02,3.844751916116670998e-01,-9.150824612228075638e-03,-2.253231207403605385e-02,1.460341463417648700e-01,1.368404646787566362e-02,9.074410163339360902e-04,-3.482993794466153759e-01,-6.950262062404126695e-01,-2.057676012123166309e-01,-2.491707381697086943e-01,3.332735944594549249e-01,-5.306015257890850378e-02,-1.156585258108737968e-01,7.723381589780531353e-02,-4.049357812395212308e-01,-2.165692292179032252e-01,-2.292741537077859215e-01,2.155640586621377086e-01,4.160476210873995107e-01,-8.028574334638605148e-03,-6.738331906262725636e-04,-2.404795567308041365e-02,-1.078600305699208284e-01,1.831527347586164589e-01,-2.806509173033974389e-02,-1.277191125182922798e-02,-2.668956587224238959e-04,-5.221742951601924566e-03,-2.410306909800742636e-03,-2.819674323881624090e-03,-6.237525964864005157e-04,3.600409395824041153e-02
1.451905626134301214e-02,1.938032424424089573e-02,3.299317126678537271e+00,1.092222757369998298e-01,1.523673882168169735e-01,2.774800318176662284e-01,3.337520660470570232e-03,2.359346642468239733e-02,-2.620088399044460203e+01,1.590136324615389007e+00,8.447747230467835822e-01,-5.519495925618569387e-01,-6.920776377651353117e-01,-2.407365217403150681e-01,-5.406828054657955018e-01,-1.378352359638353453e-01,-1.030679287992187110e+00,-4.668584910009693223e-01,-8.152486566130879853e-01,-2.151498946316625638e-01,3.044419951360980425e-01,3.204671475421541735e-04,1.627862892703709451e-04,9.608965865596490880e-04,2.641547145190128315e-03,2.822748951942261053e-01,6.555253654879295358e-03,1.234833659596903640e-03,1.120104248078794860e-04,3.286057597047046782e-04,2.220816634172953323e-04,1.592917443851420796e-03,8.649586022227007522e-05,7.767919768996618679e-02,-7.713248638838477583e-03,1.788829443438416655e-03,-6.549580018547107585e-03,-2.032603420887557633e-02,-2.038233757708707294e-02,-1.686894177709785114e-01,-1.584665218363091876e-02,-9.074410163339360902e-04,-3.121096134204641714e-01,-2.901151167888977866e-01,2.736638972943460368e-01,2.737720644471295373e-01,-9.674582279611059210e-01,1.611626137486343868e-02,-1.948892501959738066e-01,2.240243967882265541e-01,4.978357088071283520e-02,1.195665606290673422e-01,-1.142134759856249238e-01,-4.035927428426104857e-01,-1.159953027002834647e-01,-5.379672350754693792e-04,7.903540508300859108e-05,-9.314778372846973034e-05,-6.653205465062966145e-03,2.442020160136038065e-02,-1.751284535494316077e-04,4.907393303297939192e-05,-1.625642288282786157e-04,-1.869781430152228988e-04,-1.033912612197936663e-04,3.931248072718503996e-04,-3.987822206933561728e-05,6.900370944124628592e-03
2.994555353901996383e-02,7.543958948192854876e-03,2.834865647007933642e+00,7.860426982846668853e-02,1.457333777776953776e-01,4.603456637800874829e-02,1.626016957989835296e-02,2.268602540834845777e-02,-2.676460285660625615e+01,3.398920402824652687e+00,3.827830767187973687e-02,-3.643727278161011385e-01,4.451097127158319677e-03,-4.186386775675851046e-01,-3.513012831421068460e-01,-2.537761362070585225e-01,-8.611495884298138170e-01,-3.211873458466902864e-01,-3.573590441279530516e-01,-3.507705784691256823e-01,-1.966473057851566009e-01,3.692636269862372908e-03,4.425805652249847444e-04,7.713808517621024985e-03,8.272713021289226920e-02,1.743255026161519283e-01,1.596385601290830139e-02,5.628007408032971101e-03,1.958786770874388749e-04,1.905812421937543065e-03,6.420711913583840476e-03,4.042448796323844240e-03,5.129688908580376603e-04,4.997906474646478941e-02,1.542649727767695170e-02,-1.183636529604804172e-02,-4.644514796706036286e-01,-3.061800590853314130e-02,-6.634010439121595937e-03,-2.314454654396574940e-01,1.292264891942778229e-02,-9.074410163339395596e-04,-5.637188661616541197e-01,1.808784078209263679e+00,-8.064964153749037967e-01,1.875768647457558003e-01,6.965287348922936106e-01,-1.779021558272700365e-01,1.893815223236886558e-01,-1.159409002432231772e-01,1.695296995623732927e-01,1.456711451542790359e-01,4.578896124851349336e-01,-1.356206838374631185e-01,-5.010893009212546989e-01,3.372169122320218572e-03,2.797942759546137993e-04,6.752911931061375897e-03,8.008558306770213742e-02,-1.079493925780741770e-01,9.408602358029006033e-03,4.393173748436067678e-03,8.386825227955938889e-05,1.577206662232838279e-03,6.198630250166545577e-03,2.449531352472423228e-03,4.264730306357675986e-04,-2.770013294350139738e-02
4.310344827586207184e-02,1.341132139572451774e-02,2.921441470272856833e+00,1.013956243562631754e-01,1.571685691901981707e-01,1.771105250116569996e-01,3.013909588097123810e-02,5.172413793103448204e-02,-2.447841652143553048e+01,1.845129853439190448e+00,-1.054833528454864000e+00,-1.296810468496069069e-01,4.850926001468676141e-01,-6.516329425394487007e-01,2.611688874973161489e-01,9.835486332630616335e-02,-8.179758779164341131e-01,-2.326304027144438236e-01,-4.149048529691320431e-01,-7.344446808179715402e-01,-8.990853323446912349e-01,6.833645802336550668e-03,1.792502574383945252e-02,5.892386022942441154e-02,5.133409358825315183e-02,1.928165715184209164e-02,1.596448303792305425e-03,1.378295609975669017e-03,3.398049330261271664e-03,3.400898087862069818e-02,1.040629959911962363e-03,1.227683499277650719e-03,3.513741577242566159e-04,1.995491806040628271e-02,1.315789473684210800e-02,5.867362447531662868e-03,8.657582326492319069e-02,2.279135452779648685e-02,1.143519141250279314e-02,1.310759586336482374e-01,1.387892630107288514e-02,2.903811252268602427e-02,2.286186335170725670e+00,-1.553790549385462239e+00,-1.093111836126743786e+00,2.346916809664942316e-01,4.806415030197093152e-01,-2.329942649718635961e-01,6.124701706394229950e-01,3.521309995333646858e-01,4.317371051337970389e-02,8.855694313224646286e-02,-5.754580884117899142e-02,-3.836741023488458580e-01,-7.024380265595346895e-01,3.141009532474177759e-03,1.748244517861446620e-02,5.121005171180338655e-02,-3.139303662463911737e-02,-1.550438454643098263e-01,-1.436740770911599553e-02,-4.249711798057302301e-03,3.202170653173832572e-03,3.210316845668315794e-02,-5.380081953671877679e-03,-2.814765297046193521e-03,-1.615947331337810444e-04,-3.002414668605850670e-02
4.128856624319419272e-02,3.082026724924075145e-02,3.289320962232475942e+00,1.193466235065179515e-01,1.791556890057395268e-01,1.908458164698815518e-01,1.442893888470878766e-02,5.807622504537204855e-02,-2.318320674232261425e+01,1.616435296423959667e+00,-1.187547437204739875e+00,-1.284173322091305414e-01,2.371130717048592906e-01,-4.007335297300060328e-01,3.773286432472790497e-01,1.529606553117428824e-01,1.864504996320308083e-01,-3.132232729866188947e-01,-6.929876736619773325e-01,-8.473100509289572813e-01,-6.431009368360787182e-01,6.936478776889097586e-02,1.368300830961916709e-02,4.699741027017417111e-02,5.466199225951452571e-03,1.691937562262678602e-03,6.390379376178458460e-04,4.916627116819598936e-03,1.907250087278321293e-02,3.331491262404388701e-04,1.436386426766921715e-03,2.100847654382545851e-03,4.864779829396041928e-03,2.088535566289012255e-02,-1.814882032667879119e-03,1.740894585351623197e-02,3.678794919596191093e-01,1.795099915025477610e-02,2.198711981554135608e-02,1.373529145822455222e-02,-1.571015699626245044e-02,6.352087114337566509e-03,1.295209779112916237e+00,-2.286945570152307816e-01,-1.327139087498758752e-01,1.263714640476365503e-03,-2.479795284420083235e-01,2.508994128094426679e-01,1.161597557499629008e-01,5.460579198543671908e-02,1.004426377548464977e+00,-8.059287027217507116e-02,-2.780828206928452895e-01,-1.128653701109857410e-01,2.559843955086125167e-01,6.253114196655443213e-02,-4.242017434220285432e-03,-1.192644995925024043e-02,-4.586789436230170186e-02,-1.758971958957941326e-02,-9.574103661744595792e-04,3.538331506843930135e-03,1.567445154252194300e-02,-3.367583175238025861e-02,3.957564668549593510e-04,8.731641551048951316e-04,4.513405671671785746e-03,9.304376024838398318e-04
2.949183303085299579e-02,3.882546425682239372e-02,3.316041080129278562e+00,1.157468965283082185e-01,1.790959218043322587e-01,1.482245666791309202e-01,8.107026523819707911e-03,4.718693284936479465e-02,-2.325748296857526753e+01,2.013596992690414922e+00,-7.251437666672648774e-01,4.147310306937146418e-01,4.846615521915949298e-02,-7.453885346310911153e-01,7.594656885150251335e-02,1.541602444373439962e-01,4.979604443388379043e-01,3.516604063317912976e-03,-3.668300346088516628e-01,-6.881775127676100778e-01,-4.565607652829458130e-01,1.534467916970121415e-01,2.905172173709575940e-03,1.355814600735000784e-02,2.848854145398293375e-02,1.710038231971266511e-03,3.286132274613322193e-04,9.804669082844505792e-03,6.323639842269937862e-04,3.102623867483851128e-04,2.410839841708738857e-03,3.711466598861469599e-03,1.641728799682576692e-02,4.121721196847343005e-02,-1.179673321234119693e-02,8.005197007581642266e-03,2.672011789680261984e-02,-3.599726978209732975e-03,-5.976720140726810016e-05,-4.262124979075063158e-02,-6.321912360889079749e-03,-1.088929219600725390e-02,-7.427622625265328793e-02,3.971616962664552553e-01,4.624036705374749978e-01,5.431483629028451832e-01,-1.886469164856998115e-01,-3.446550049010850825e-01,-3.013820743957765225e-01,1.199589125601113748e-03,3.115099447068070959e-01,3.167398770499367799e-01,3.261576390531256697e-01,1.591325381613472034e-01,1.865401715531329052e-01,8.408200392812116564e-02,-1.077783613590959158e-02,-3.343926426282416153e-02,2.302234222803148031e-02,1.810066970858790862e-05,-3.104247101565136267e-04,4.888041966024906856e-03,-1.844013688855621752e-02,-2.288673949205375724e-05,9.744534149418171420e-04,1.610618944478923748e-03,1.155250816742972586e-02,2.033185630558330750e-02
2.359346642468239733e-02,4.490866274225038812e-02,3.316412376965310660e+00,8.179412518503256790e-02,1.146321456854505066e-01,1.473250304893872487e-01,1.840539105360153305e-03,4.718693284936479465e-02,-2.332266992027435393e+01,1.820343737412651652e+00,-7.828080895661986283e-01,4.372365929549653640e-01,-3.496923784420814529e-01,-8.289028692393947129e-01,-4.217023652491206365e-01,-2.501497527050614011e-01,6.814747456561524031e-01,-1.476447956337815504e-01,-2.533749321526631570e-01,-5.570916785023806161e-01,-6.174425632617774884e-01,1.724209168510349166e-01,2.609900442425300456e-03,1.068889062937678283e-02,2.508949753069338040e-02,8.861957680027710742e-04,1.017697568906676458e-03,5.395753815554948755e-03,3.080344272916853230e-04,4.936361073859812801e-04,1.059995075717030727e-03,2.831832343559925573e-03,1.487068985695794328e-02,4.657762394232695113e-02,-5.898366606170598464e-03,6.083198485427994406e-03,3.712968360320978434e-04,-3.395277134327565061e-02,-6.446377611888175208e-02,-8.995361897436715548e-04,-6.266487418459554606e-03,0.000000000000000000e+00,-6.518695169908639286e-02,-1.932532552777632695e-01,-5.766432289893375085e-02,2.250556226125072223e-02,-3.981585336612409320e-01,-8.351433460830359756e-02,-4.976489341006231637e-01,-4.043099971424053973e-01,1.835143013173144988e-01,-1.511613996970994633e-01,1.134551024561885058e-01,1.310858342652294617e-01,-1.608817979788316754e-01,1.897412515402277511e-02,-2.952717312842754842e-04,-2.869255377973225010e-03,-3.399043923289553348e-03,-8.238424639684954363e-04,6.890843414453441847e-04,-4.408915267289557037e-03,-3.243295569353084632e-04,1.833737206375961673e-04,-1.350844765991708130e-03,-8.796342553015440262e-04,-1.546598139867823643e-03,5.360411973853521084e-03
2.177858439201451821e-02,2.262577683248510538e-02,3.133841020320299542e+00,7.170057704281557198e-02,9.248731900539294837e-02,9.435117372021330218e-02,3.878476012829942029e-03,3.357531760435571860e-02,-2.423675210988651685e+01,2.379176287078097474e+00,-3.553240883168200526e-01,-1.584003634423725992e-01,-2.176441553786419847e-01,-3.907139588564520483e-01,-4.391787051061972758e-01,-7.954910735961603918e-02,6.923796987450276941e-01,-3.003506929930138125e-01,1.984841360984861830e-02,-7.071250900124400607e-01,-9.324807985740165561e-01,1.789586096720223729e-01,8.236123996646839418e-03,1.974746736631674202e-02,4.847234036520497308e-03,1.013784781092785499e-03,1.112441592615365888e-03,3.021884716100809148e-03,4.713371199933057143e-03,6.595043992726711251e-04,2.114392654106634403e-03,6.685236124563695079e-03,9.391179131054481002e-03,4.818264807629098895e-02,-1.814882032667879119e-03,-2.228288590976528274e-02,-1.825713566450111180e-01,-1.009354814221699592e-02,-2.214482668005755828e-02,-5.297385676917394648e-02,2.037936907469788724e-03,-1.361161524500907605e-02,-9.140821896121629209e-01,5.588325496654458213e-01,4.274840012493785757e-01,-5.956369563973379355e-01,1.320482230634394683e-01,4.381889103829426646e-01,-1.747633985707663928e-02,1.706006453454453620e-01,1.090495308887529102e-02,-1.527058973592322622e-01,2.732233457625117823e-01,-1.500334115100594445e-01,-3.150382353122390677e-01,6.537692820987456299e-03,5.626223554221538962e-03,9.058576736939959184e-03,-2.024226349417288309e-02,1.275890130900144250e-04,9.474402370868943019e-05,-2.373869099454139608e-03,4.405336772641372037e-03,1.658682918866898450e-04,1.054397578389603676e-03,3.853403781003769506e-03,-5.479510725903462276e-03,1.605024133964037814e-03
1.660617059891107139e-01,2.070536238153248849e-03,3.049533716206013434e+00,2.580916326908367364e-01,2.020425685203455224e-01,1.260779549402064159e+00,1.371907118010634759e-02,3.439201451905626317e-01,-2.718858279686221024e+01,2.587757271007227189e+00,-3.135879684788354105e-01,-1.318111931772183165e-01,-3.107377121873861059e-01,-2.505688287390083757e-01,1.513274642027576111e-01,2.674859794230567411e-01,1.750459210858441583e-01,-1.005256589143550677e-01,-2.287392580758246252e-01,-4.491506853286998391e-01,-5.805627762450896734e-01,1.146796057046888112e-01,7.714214695911511196e-03,2.272950623737682654e-02,8.140478379441009466e-03,3.738084719805233672e-03,1.997668627751940460e-03,1.367655277622706680e-02,1.870844674731559883e-03,1.941530261822040082e-03,2.673536053365037010e-03,4.759612663131994499e-03,6.158429647005452673e-03,3.036302478572446006e-02,1.442831215970961922e-01,-2.055524059433185696e-02,-8.430730411428610793e-02,1.863910556480211644e-01,1.095552495149525740e-01,1.166428375681850760e+00,9.840595167276405125e-03,3.103448275862069061e-01,-2.951830686975693396e+00,2.085809839291297152e-01,4.173611983798464209e-02,2.658917026515428272e-02,-9.309355680874412120e-02,1.401451301174436725e-01,5.905061693089548314e-01,3.470350867826728081e-01,-5.173337776591835357e-01,1.998250340786587587e-01,-2.485876716856732505e-01,2.579744046837402216e-01,3.519180223289268827e-01,-6.427900396733356170e-02,-5.219093007353282215e-04,2.982038871060084528e-03,3.293244342920512158e-03,2.724299938712448389e-03,8.852270351365745717e-04,1.065466806012625722e-02,-2.842526525201497477e-03,1.282025862549368957e-03,5.591433992584026076e-04,-1.925623461431700580e-03,-3.232749484049028330e-03,-1.781962329056652888e-02
3.121597096188747922e-01,3.104346756961735062e-03,3.255145133216730713e+00,3.121538536416930132e-01,1.311549330970343541e-01,1.498758951097465486e+00,3.267179764209880970e-03,3.774954627949183572e-01,-2.940224739879098692e+01,2.074889309112314173e+00,3.317573224176748742e-02,-2.382639052607350427e-01,1.274122912112389538e-02,4.324123059735094504e-02,-1.691376647621344390e-02,1.088613254802109631e-01,3.696676334928618024e-01,-3.500182046721204282e-02,1.635709868481810825e-01,-4.970255898807915962e-01,-3.072173457166812449e-01,1.362231346514143626e-02,2.043965244654560084e-04,2.978279419104313663e-03,3.520400447669657122e-04,1.032181182112986220e-03,6.696151815629807196e-04,5.066732723154920501e-03,5.192354048741117199e-04,6.062342681922003101e-04,1.939126645083576400e-03,1.371511462071028529e-03,8.578729335158043461e-04,3.624623159265202149e-03,1.460980036297640783e-01,1.033810518808486213e-03,2.056114170107172789e-01,5.406222095085627677e-02,-7.088763542331116829e-02,2.379794016954013269e-01,-1.045189141589646618e-02,3.357531760435572554e-02,-2.213664601928776676e+00,-5.128679618949130159e-01,3.467637007206029187e-01,-1.064527120835167262e-01,3.234789413085100152e-01,2.938100593363593416e-01,-1.682412306789710654e-01,-1.586246539428457780e-01,1.946217124070176441e-01,6.552383844714301797e-02,3.923102449240056799e-01,-4.787490455209175710e-02,2.733454305284084285e-01,-1.010572922395473749e-01,-7.509818171446054971e-03,-1.975122681827251245e-02,-7.788438334674043645e-03,-2.705903537692247451e-03,-1.328053446188959741e-03,-8.609820053072146304e-03,-1.351609269857448163e-03,-1.335295993629839664e-03,-7.344094082814606097e-04,-3.388101201060965753e-03,-5.300556713489648110e-03,-2.673840162645925791e-02
3.112522686025408492e-01,3.418684955689068206e-03,3.263163341490997738e+00,3.085906244695487133e-01,1.317563461335987396e-01,1.346482125085194603e+00,1.743186589786826666e-03,3.702359346642468130e-01,-2.943055680906111604e+01,1.636204004928889066e+00,2.233519359046440278e-01,2.265610866319609645e-02,-1.593015260712591641e-01,-1.063308780609334425e-02,1.442306449106623145e-01,-3.067914861528278983e-02,4.000799848541342074e-01,1.419098290809189811e-01,1.923157386820190939e-01,-3.505118262309681043e-01,-1.426121805299151446e-01,8.887238419592937214e-03,1.098257873619537224e-03,3.335263739387029670e-03,5.747065189322654545e-04,8.293066174432884782e-04,2.182114138826929037e-04,1.502045570404478671e-03,6.173987588412462556e-04,3.737588616072512471e-03,4.622338018610671305e-03,2.385631625419404669e-03,2.420941300273822105e-03,2.340849194636651295e-03,-9.074410163339430291e-04,3.143381987273331443e-04,8.018208274267024649e-03,-3.563229172144299906e-03,6.014130365643854947e-04,-1.522768260122708828e-01,-1.523993174423054304e-03,-7.259528130671544233e-03,-2.830941027012912059e-02,-4.386853041834251066e-01,1.901762036628765473e-01,2.609200139239311600e-01,-1.720427551923830456e-01,-5.387431840344428929e-02,1.611444113868757688e-01,-1.395404740954937495e-01,3.041235136127240501e-02,1.769116495481310170e-01,2.874475183383801147e-02,1.465137636498234919e-01,1.646051651867661003e-01,-4.735075045548499048e-03,8.938613491540812160e-04,3.569843202827160077e-04,2.226664741652997423e-04,-2.028745646696977420e-04,-4.514037676802877888e-04,-3.564687152750442047e-03,9.816335396713453572e-05,3.131354347880312052e-03,2.683211373527095121e-03,1.014120163348376140e-03,1.563068366758017759e-03,-1.283773964628550854e-03
2.785843920145190666e-01,2.290995252460298424e-03,3.201865339147757616e+00,2.795389991825880660e-01,1.159165485309172627e-01,1.311239476151158323e+00,2.383977971169629756e-03,3.384754990925589735e-01,-3.013890373450328042e+01,1.645432892221821541e+00,3.566714675805875978e-01,5.501317242296602933e-02,2.267523074824104867e-01,-1.361414042403970848e-01,3.651123659594388005e-01,-1.144400623748501322e-01,9.201700662589906710e-02,3.312346853821705461e-01,2.452257940766700006e-01,-4.576275672371415970e-01,-1.423717519487564531e-01,2.539980017202503586e-03,7.471940937733927666e-04,2.724650487188032440e-03,9.851324842982277143e-04,5.517232902043640690e-04,2.707987153974714513e-04,9.184491061827426348e-03,2.238928595474369196e-04,7.540163168326188825e-04,2.547826805885919192e-03,6.621981739624083207e-03,1.180040080211269306e-03,2.670818691513486380e-03,-3.266787658802178251e-02,-1.127689703228769783e-03,-6.129800234324012109e-02,-2.905162528696064728e-02,-1.583979760268147685e-02,-3.524264893403628029e-02,6.407913813828030897e-04,-3.176043557168783948e-02,-7.083469254421643768e-01,9.228887292932475006e-03,1.333195316759435700e-01,3.235706375976993288e-02,3.860538335536696231e-01,-1.255083164343037405e-01,2.208817210487764859e-01,-8.376091375956734586e-02,-3.080629782282351403e-01,1.893248563012515651e-01,5.291005539465090668e-02,-1.071157410061734927e-01,2.404285811586914789e-04,-6.347258402390433193e-03,-3.510637798461444577e-04,-6.106132521989972306e-04,4.104259653659622599e-04,-2.775833272389244093e-04,5.258730151477854762e-05,7.682445491422947893e-03,-3.935058992938093359e-04,-2.983572299239893588e-03,-2.074511212724752113e-03,4.236350114204678538e-03,-1.240901220062552799e-03,3.299694968768350847e-04
3.008166969147005321e-01,3.136304268693260698e-03,3.164573880671653683e+00,2.978330300954851184e-01,1.287420519023599608e-01,1.393787356599452743e+00,2.147445758359917394e-03,3.529945553539020064e-01,-2.957229761143932478e+01,1.682858121141019403e+00,4.736424574148312416e-01,1.415448122187960289e-01,-3.791452486505642039e-01,-6.774052111037631371e-03,2.786112401469835742e-01,1.354390239644380489e-02,3.377157990029036605e-01,2.615796301998051313e-02,1.527117342382864895e-01,-3.870489843121548423e-01,-7.999207689291167045e-02,8.855014258975691180e-03,5.698893583837309675e-04,3.278197368342128121e-03,3.837955016450641187e-04,7.191976807106681500e-04,5.289369583495696567e-04,2.762377389191267209e-03,6.772981508243365329e-04,1.674098065067701393e-03,1.702401562628155958e-03,4.938973754618632486e-03,2.694366757615470048e-03,2.359809569122918102e-03,2.223230490018146543e-02,8.453090162329622743e-04,-3.729145847610393361e-02,1.829403091289705241e-02,1.282550337144269803e-02,8.254788044829441951e-02,-2.365322128097123618e-04,1.451905626134303295e-02,5.666061230639556356e-01,3.742522891919786154e-02,1.169709898342436438e-01,8.653163979583000653e-02,-6.058975561329746906e-01,1.293673521293594586e-01,-8.650112581245522625e-02,1.279839647712939232e-01,2.456987923770045934e-01,-3.050767223621900226e-01,-9.251405983838351110e-02,7.057858292498675468e-02,6.237967505584478267e-02,6.315034241773187160e-03,-1.773047353896617991e-04,5.535468811540956817e-04,-6.013369826531635414e-04,1.674743905063040810e-04,2.581382429520982054e-04,-6.422113672636158704e-03,4.534052912768996133e-04,9.200817482350825104e-04,-8.454252432577632342e-04,-1.683007985005450721e-03,1.514326677404200742e-03,-3.110091223905682781e-04
