8.336807002917882630e-04,8.336807002917882630e-04,0.000000000000000000e+00,0.000000000000000000e+00,0.000000000000000000e+00,0.000000000000000000e+00,0.000000000000000000e+00,0.000000000000000000e+00,0.000000000000000000e+00,0.000000000000000000e+00,0.000000000000000000e+00,0.000000000000000000e+00,0.000000000000000000e+00,0.000000000000000000e+00,0.000000000000000000e+00,0.000000000000000000e+00,0.000000000000000000e+00,0.000000000000000000e+00,0.000000000000000000e+00,0.000000000000000000e+00,1.333889120466861221e-02,3.918299291371404869e-02,2.917882451021258997e-02,4.168403501458941424e-03,8.336807002917882630e-04,8.336807002917882630e-04,5.002084201750729361e-03,6.169237182159233168e-02,1.292205085452271807e-01,1.542309295539808223e-01,1.909128803668194985e-01,2.321800750312630335e-01,2.501042100875364715e-01,2.476031679866610991e-01,2.038349312213422193e-01,1.554814506044185085e-01,1.238015839933305495e-01,1.221342225927469771e-01,1.463109629012088464e-01,1.967486452688620158e-01,2.492705293872446715e-01,2.313463943309712334e-01,1.488120050020841911e-01,6.586077532305127658e-02,4.877032096706961084e-02,3.918299291371404869e-02,1.971654856190079297e-01,2.130054189245519092e-01,3.959983326385994179e-02,2.000833680700291745e-02,4.168403501458941424e-02,9.754064193413922168e-02,1.879949979157982398e-01,2.013338891204668746e-01,9.170487703209670438e-02,3.668195081283868314e-02,4.501875781575656599e-02,4.418507711546477978e-02,4.585243851604835219e-02,9.045435598165901814e-02,8.420175072947061468e-02,3.376406836181742449e-02,2.667778240933722442e-02,1.875781575656523467e-02,1.500625260525218808e-02,1.417257190496040015e-02,2.876198416006669339e-02,4.168403501458941424e-02,3.584827011254689694e-02,3.126302626094205894e-02,2.876198416006669339e-02,3.668195081283868314e-02,4.251771571488120044e-02,2.542726135889954164e-02,1.292205085452271737e-02,1.012922050854522665e-01,1.108795331388078426e-01,2.834514380992080029e-02,2.334305960817006920e-02,2.250937890787828299e-02,2.250937890787828299e-02,2.959566486035848307e-02,3.709879116298457624e-02,4.168403501458941424e-02,3.876615256356815559e-02,3.167986661108795204e-02,2.876198416006669339e-02,3.584827011254689694e-02,4.043351396415172799e-02,4.210087536473530734e-02,7.294706127553146624e-02,1.096290120883701563e-01,1.317215506461025532e-01,1.496456857023759912e-01,1.617340558566069120e-01,1.684035014589412294e-01,1.600666944560233396e-01,1.467278032513547326e-01,1.267194664443518082e-01,1.050437682367653253e-01,9.295539808253439062e-02,1.029595664860358528e-01,1.183826594414339323e-01,1.175489787411421461e-01,1.358899541475614703e-01,1.062942892872029976e-01,8.003334722801166978e-02,1.192163401417257185e-01,1.308878699458107531e-01,1.150479366402667736e-01,1.150479366402667736e-01,1.167152980408503599e-01,1.067111296373488977e-01,1.142142559399749874e-01,1.375573155481450704e-01,1.350562734472696980e-01,1.204668611921634047e-01,1.100458524385160425e-01,1.192163401417257185e-01,1.300541892455189530e-01,1.033764068361817390e-01,1.046269278866194252e-01,8.461859107961650084e-02,8.545227177990830092e-02,1.192163401417257185e-01,1.100458524385160425e-01,1.150479366402667736e-01,1.071279699874947838e-01
3.625922199310947181e-11,1.894628701625007171e-11,2.125075689760761357e-12,2.125075689760761357e-12,2.125075689760761357e-12,2.125075689760761357e-12,2.125075689760761357e-12,2.125075689760761357e-12,2.125075689760761357e-12,2.125075689760761357e-12,2.125075689760761357e-12,2.125075689760761357e-12,2.125075689760761357e-12,2.125075689760761357e-12,2.125075689760761357e-12,2.125075689760761357e-12,2.125075689760761357e-12,2.125075689760761357e-12,2.125075689760761357e-12,3.675094564347955227e-11,1.613710558629455569e-07,1.634903232756554085e-07,2.292554943566714698e-09,2.232594411859722192e-10,1.040357909494368050e-10,3.625922199310945888e-11,2.237511648363422867e-10,3.441573695692007054e-08,2.514915945112409720e-07,1.930739710010408602e-06,1.926102296552768383e-05,1.315373186485591290e-04,3.332530831277670286e-04,4.141504975506421905e-04,2.540766471327606251e-04,6.165167176601915047e-05,8.368180889637409455e-06,6.054780300840067095e-06,2.732687307539654239e-07,1.066428602626470117e-03,3.011638159063907520e-03,3.750401983911058092e-03,1.933763910431616356e-02,8.776946595884008162e-02,9.705880549136641777e-02,2.872833993351247769e-02,8.191748846211316729e-03,3.485797915416116721e-02,8.023860874348009986e-02,7.974980313474951121e-02,3.244998276211751020e-02,6.411673877074967019e-03,3.673837641035977448e-03,2.494202749481914515e-03,6.940980163723211444e-03,3.794409825619347171e-02,6.538339199397809332e-02,4.043820143381687826e-02,8.100654690878179853e-03,1.769949087382032210e-03,2.804697991020738829e-02,6.166312996719540418e-02,5.772129376867515815e-02,6.127498335278266234e-02,5.043077485632597307e-02,1.952889029011110889e-02,4.808982368462591528e-02,6.310022311536656048e-02,4.044555678156320361e-02,2.265038101167297924e-02,4.766987400081987812e-03,1.362548775396785553e-02,2.423009200312840200e-02,1.482944948937860510e-02,4.776806249089805834e-03,4.112713069248009716e-03,1.624546621705634519e-02,4.020854950075666151e-02,5.052025364711115740e-02,3.647757468425807947e-02,2.305362495366525960e-02,3.301132891490282661e-02,6.103733720385169648e-02,1.066576690010969525e-01,1.192373371924390635e-01,5.893560806642333949e-02,9.990081259179606210e-03,2.139759453533508250e-03,2.630133713835239068e-04,6.324513582144444552e-05,2.937398884299199445e-05,3.168555769483758216e-05,3.504448680919270716e-05,2.773097030799194089e-05,1.944620853417691902e-05,1.434258721353859670e-05,1.569576328032300111e-05,1.488070373069120628e-05,7.854747191444106286e-06,3.194990570222839334e-06,1.631587273574987215e-06,6.216171178237907349e-07,1.638592012631096353e-07,8.437573144654942126e-08,4.156473045825886859e-08,2.011008759026436961e-08,1.548849608632449137e-08,2.384812507952015091e-08,1.971160357657405062e-08,1.324430955400148746e-08,1.311406276902899732e-08,1.177191053567634851e-08,1.165131432170260919e-08,1.382202881569265900e-08,1.654597899606927874e-08,1.548427578789897311e-08,1.365223892426274970e-08,1.243973914501831265e-08,1.222499718697691415e-08,1.314317707161473728e-08,1.034712741664236358e-08,1.009687874856041084e-08,9.650184504714657816e-09,1.070096718536291545e-08,3.403298810004158627e-08,3.363616315931102866e-08,1.550296128661303717e-08,1.687963678270549599e-08
1.366549934742490313e+00,8.842958646418317414e-01,1.650909966193328193e+00,1.650909966193328193e+00,1.650909966193328193e+00,1.650909966193328193e+00,1.650909966193328193e+00,1.650909966193328193e+00,1.650909966193328193e+00,1.650909966193328193e+00,1.650909966193328193e+00,1.650909966193328193e+00,1.650909966193328193e+00,1.650909966193328193e+00,1.650909966193328193e+00,1.650909966193328193e+00,1.650909966193328193e+00,1.650909966193328193e+00,1.650909966193328193e+00,5.522964142308325330e-01,6.073933914411912618e-03,1.286198422447734635e-01,2.128482967225012068e+00,1.612859986186087280e+00,8.420940288974373411e-01,1.366549934742490757e+00,1.211759351327803547e+00,1.584500594070471058e+00,2.594014026404324991e+00,2.618835654533448576e+00,2.542201480113204681e+00,2.698794224407491615e+00,3.176490963152863056e+00,3.266948668529031430e+00,2.944040463991747902e+00,2.195458354707348292e+00,2.580886089165264075e+00,1.751390882015762873e+00,3.118607434258930944e+00,2.235760702716907744e+00,3.151772713028254458e+00,3.256695187586920337e+00,2.092227755795005528e+00,2.877618081627401736e+00,2.886389837615289888e+00,1.748774648819031663e+00,2.797557422068446265e+00,2.812170526438511065e+00,3.202696204251384682e+00,3.233740646958597864e+00,2.753889324299639618e+00,2.732987219909164267e+00,3.065811949444626983e+00,2.929973528486868872e+00,2.535937242426120175e+00,2.843648796327622907e+00,3.255706363011607873e+00,2.834832829602109694e+00,2.429742689512076836e+00,3.188745859250873504e+00,2.157828909229049685e+00,3.168320022471819986e+00,3.280976921000860358e+00,3.267528264116413617e+00,3.066719599672586227e+00,2.942483540955277199e+00,2.821872093970453133e+00,3.222273345911673914e+00,3.270256686163312221e+00,2.859298038603164116e+00,2.529982667466316393e+00,2.313076467395539737e+00,3.070711943147307998e+00,2.870528663600693697e+00,2.717039888438187667e+00,2.865155280912203839e+00,2.900719343663127781e+00,3.205342419455191827e+00,3.247139168493165418e+00,3.158103630564435438e+00,3.265470733853818697e+00,3.177913814492061562e+00,3.200386777678515315e+00,3.226165116064347860e+00,3.285578385014416902e+00,2.841561996954911073e+00,2.841946750254627396e+00,2.463611985878767729e+00,2.754870249071669885e+00,3.052394601049935208e+00,3.136822048624019033e+00,3.285246716896963015e+00,3.257149312706588251e+00,3.209784762276140402e+00,3.211960101015908897e+00,3.228774368566943664e+00,3.244980907215594623e+00,3.198468100887740917e+00,3.037226309482969011e+00,3.177389611972284200e+00,3.068756149981969994e+00,2.812911878108627306e+00,3.094795433536831286e+00,3.095480048541459528e+00,3.169912690972300773e+00,2.996887212484373286e+00,3.056706688590269838e+00,3.107763499844931054e+00,2.949893136953163353e+00,3.059785222731294496e+00,3.073680762680259804e+00,3.043826513004782797e+00,2.984260299383676429e+00,3.063713753833409825e+00,3.151467146224325777e+00,3.056102301107249453e+00,3.096971338597018786e+00,3.088964316652286879e+00,3.066015462225658794e+00,3.075687456664682351e+00,2.982368200447428119e+00,3.139029361484919622e+00,3.059200957005458577e+00,3.028698415702325342e+00,2.337372223398592297e+00,2.307655831994365858e+00,3.248956643969934888e+00,3.193552896650563966e+00
4.952192401367628283e-01,4.941325493223918675e-01,8.333333250000105313e-04,8.333333250000105313e-04,8.333333250000105313e-04,8.333333250000105313e-04,8.333333250000105313e-04,8.333333250000105313e-04,8.333333250000105313e-04,8.333333250000105313e-04,8.333333250000105313e-04,8.333333250000105313e-04,8.333333250000105313e-04,8.333333250000105313e-04,8.333333250000105313e-04,8.333333250000105313e-04,8.333333250000105313e-04,8.333333250000105313e-04,8.333333250000105313e-04,4.948853928040478634e-01,3.568020268058013644e-01,3.674977457565458683e-01,4.648997483079103099e-01,4.677799632120162587e-01,4.187710536029179420e-01,4.952281462511472498e-01,4.844018329420397562e-01,2.969410460698221343e-01,2.656711704440605781e-01,2.460151365580804106e-01,2.727701902590343730e-01,2.949012537955219559e-01,2.892316682536695271e-01,2.865330395173908418e-01,2.619867570986643690e-01,2.328861228372285375e-01,2.304149108412287261e-01,2.371836940899119395e-01,3.136609834515091122e-01,3.185242004693923379e-01,3.125298900048280593e-01,2.981301056526518556e-01,1.949522816329635755e-01,1.362195134754976278e-01,1.432670940894840428e-01,1.569406671083856397e-01,4.131819128654128925e-01,3.146970337265926343e-01,1.709141929893365219e-01,1.128284522209950513e-01,1.350559441030263763e-01,2.077160400830531939e-01,2.644827358248310056e-01,2.587241555863717402e-01,1.564535206610719875e-01,9.146746684061414501e-02,8.544328856205561651e-02,9.150587925987625770e-02,1.006431139585559215e-01,2.163992535819574958e-01,1.593115202710832790e-01,1.418448906911986829e-01,1.305037692574280150e-01,1.035907275301970604e-01,5.875772173225300016e-02,9.315582171452325977e-02,8.421286760192207843e-02,8.086354621582368674e-02,9.123444451976725489e-02,1.083434333156245849e-01,1.124737778105462799e-01,1.153140303387601429e-01,1.257923524863518439e-01,9.341520988933073311e-02,1.331289846242966757e-01,2.494284420225075238e-01,2.095145724583627467e-01,1.205462677527813220e-01,1.071203029588485844e-01,1.157484425943703238e-01,6.758796437743384844e-02,7.088385449350757817e-02,9.681198655943783205e-02,7.076907171956987874e-02,9.005552282098400196e-02,7.957892356924277377e-02,1.258755115844901185e-01,1.480171797432563718e-01,1.542433162870979479e-01,1.260857739747969775e-01,1.684630764475192888e-01,2.070923900754907676e-01,2.168200507092583884e-01,2.209962928152114925e-01,2.428351998421293678e-01,2.531713292939192783e-01,2.375306758866833068e-01,2.249623430158766701e-01,2.184792731569460134e-01,2.144581109838907818e-01,2.155914138864760132e-01,2.381274812935258445e-01,3.017110792295815691e-01,3.337647988088572326e-01,3.679512423729882076e-01,3.952919798422507847e-01,4.061894084738748023e-01,4.008812760697683109e-01,4.078320752248917880e-01,4.273774303671333263e-01,4.242415901453656657e-01,4.204886155246021495e-01,4.130059542139558060e-01,4.106325579582479901e-01,4.201047663583457603e-01,4.202808409036223880e-01,4.081882908655729558e-01,4.110415534131028337e-01,4.262944885251805927e-01,4.103578366150238965e-01,4.038247668215464992e-01,4.266282570270767960e-01,4.160407169760629298e-01,4.110516701992507071e-01,3.703800126393583247e-01,3.739903157709789094e-01,4.226714148162086793e-01,4.015579100840886984e-01
2.918430567001530362e-01,2.922071181621713754e-01,2.349011651838931324e-09,2.349011651838931324e-09,2.349011651838931324e-09,2.349011651838931324e-09,2.349011651838931324e-09,2.349011651838931324e-09,2.349011651838931324e-09,2.349011651838931324e-09,2.349011651838931324e-09,2.349011651838931324e-09,2.349011651838931324e-09,2.349011651838931324e-09,2.349011651838931324e-09,2.349011651838931324e-09,2.349011651838931324e-09,2.349011651838931324e-09,2.349011651838931324e-09,2.920022003708040992e-01,1.304533980149787109e-01,1.531637214295197280e-01,2.723531957631983857e-01,2.886816583422698312e-01,2.748550725962341512e-01,2.918379549439245602e-01,2.945202993929543211e-01,2.701315797046676681e-01,2.432129766558337458e-01,2.078307593438309953e-01,2.025991935507506780e-01,2.057468301124373566e-01,1.913533660620211907e-01,1.954397305564339882e-01,1.845910254205572754e-01,1.838901275102284016e-01,2.076196248477032713e-01,2.156775450309751929e-01,2.636097295269470564e-01,2.075697761652129103e-01,1.992082767288782530e-01,1.932524187437757168e-01,2.123976620515861946e-01,1.680692990420711297e-01,1.646289713602317462e-01,1.930682132544838392e-01,2.029118731034059708e-01,2.237530666741633645e-01,1.765830858587704166e-01,1.407517631705509364e-01,1.617250418240802901e-01,1.740949555693644124e-01,1.693361721274709020e-01,1.885329590550129386e-01,1.824726566262938887e-01,1.280751108051746412e-01,1.199837767088176438e-01,1.278563399182270632e-01,1.554311421495392365e-01,2.118184903885803883e-01,1.896416078959416718e-01,1.631129882764434380e-01,1.482890495447355961e-01,1.680481480722849918e-01,1.233061180814248731e-01,1.799567994565470508e-01,1.287806973528179133e-01,1.026147350632938965e-01,1.147660517389555018e-01,1.573092748596219559e-01,1.760628070259263322e-01,1.618149632961853879e-01,1.684311105170288037e-01,1.334543242091084103e-01,2.207867611101050898e-01,1.779138132805494488e-01,1.876169413142679820e-01,1.806942922961170539e-01,1.768944615407586629e-01,2.012336000159107574e-01,1.400238307794600401e-01,1.140422803665949864e-01,1.569556001760859520e-01,1.009701336507566050e-01,1.449582865710336566e-01,1.310221985787234644e-01,1.989725297309505869e-01,2.166479691921640582e-01,2.124043570090454192e-01,1.935529115491266827e-01,2.028428157155797995e-01,2.071316741844279052e-01,2.109738596914479125e-01,2.148131848416955647e-01,2.229220520309878606e-01,2.222434817832621423e-01,2.124913432378611744e-01,2.101138274375711490e-01,2.135394848745047480e-01,2.252975470959448778e-01,2.375240378494904714e-01,2.621853788906870486e-01,2.912346973767542258e-01,2.975838557148913766e-01,3.019125890259776734e-01,3.042296534848826228e-01,2.991238944586004922e-01,3.029791327286011082e-01,3.039535877998742475e-01,2.990600805986342592e-01,2.974686826338556744e-01,2.963968704308342916e-01,2.968084876575678988e-01,2.936798477481044056e-01,2.961470697610314451e-01,2.954593646597371004e-01,2.955118390697043518e-01,2.967307413408606376e-01,2.928241569001522882e-01,2.934635739126098541e-01,2.948442013040829535e-01,2.955248077144554397e-01,2.991320899621494611e-01,2.973867267665188940e-01,2.980579968295468118e-01,3.006035906749227049e-01,2.954924128652007265e-01,2.950975953531393414e-01
7.842777296048389357e-02,4.596550497097451338e-02,8.664140007836693830e-03,8.664140007836693830e-03,8.664140007836693830e-03,8.664140007836693830e-03,8.664140007836693830e-03,8.664140007836693830e-03,8.664140007836693830e-03,8.664140007836693830e-03,8.664140007836693830e-03,8.664140007836693830e-03,8.664140007836693830e-03,8.664140007836693830e-03,8.664140007836693830e-03,8.664140007836693830e-03,8.664140007836693830e-03,8.664140007836693830e-03,8.664140007836693830e-03,7.995021856834287621e-02,1.191180611324403893e+00,1.231361886294450647e+00,1.395707100867827233e+00,3.346997781689909912e-01,1.806629486150490849e-01,7.842777296048386582e-02,3.375867254784385985e-01,1.749979783374863818e+00,1.774405520202653852e+00,1.830506752048002284e+00,2.224992424525560786e+00,2.343848261444326120e+00,2.338522073400115531e+00,2.254213621158293268e+00,2.105854248863180622e+00,1.900328820325092316e+00,1.576338848581307017e+00,1.555843713074276602e+00,2.071749860399266563e+00,2.044309043747400523e+00,1.932260914552723197e+00,1.630862115190337303e+00,6.928560966276067212e-01,4.427829836092497251e-01,4.545703081813858848e-01,3.947244147560144412e-01,2.022033567227253137e+00,1.328472391102453409e+00,4.493793337275175381e-01,2.832756888366509962e-01,2.347680054295544216e-01,1.205595454855662885e+00,2.139863053701918094e+00,2.194252943388080190e+00,4.470324625808492214e-01,9.005563717861378437e-02,1.432634902369103180e-01,1.901260485760784824e-01,1.507441153820080759e-01,8.756165039379202319e-01,6.126870349481237099e-01,6.233699226303027752e-01,5.268699885494110280e-01,1.455986684138490528e-01,1.666903846023877825e-02,2.171005510105329314e-02,1.280820106492672195e-01,1.941388427661663307e-01,2.550523082229426142e-01,2.065149260410422127e-01,1.635752876486404328e-01,2.515117440190537956e-01,3.250402835774720001e-01,3.228683909958979803e-01,8.033594766341095594e-02,1.976760443404236733e+00,9.510016551185309641e-01,1.044448275150962752e-01,4.154566814593639579e-02,3.451142896646054725e-02,1.404438533318684221e-02,4.350374009377250273e-02,6.523538726442909552e-02,4.212894543645580997e-02,3.952552993716404450e-02,2.097064426305995238e-02,6.120717906958145910e-02,1.228302290534823427e-01,2.382084777278877519e-01,1.298619323344766541e-01,5.629251756782474025e-01,1.099013558389971612e+00,1.232057085154129705e+00,1.326087875893540602e+00,1.550319424373190369e+00,1.789399134478960596e+00,1.696474008113946219e+00,1.539480230298898356e+00,1.450815880117396484e+00,1.168346797998965680e+00,9.748390575777567957e-01,9.274320367198044535e-01,1.334374952827558136e+00,1.644928546369935907e+00,2.048275995315444131e+00,2.234181458976388868e+00,2.332658967472932776e+00,2.257683239396104824e+00,2.262087247071892460e+00,2.411229718813977296e+00,2.450407383944175344e+00,2.392227506424744909e+00,2.328713732834511774e+00,2.397362021708685287e+00,2.474328593199977000e+00,2.476220154707871934e+00,2.376086536811496508e+00,2.375126165965268488e+00,2.468098556508694585e+00,2.415767359660592195e+00,2.291856838796649143e+00,2.356449226078954684e+00,2.285992123552642141e+00,2.264184157511867301e+00,1.942645577771398679e+00,1.928875913876002768e+00,2.482798998493671583e+00,2.432061948714471900e+00
0.000000000000000000e+00,1.839467448732650279e-04,3.414361925434640510e-02,0.000000000000000000e+00,0.000000000000000000e+00,0.000000000000000000e+00,0.000000000000000000e+00,0.000000000000000000e+00,0.000000000000000000e+00,0.000000000000000000e+00,0.000000000000000000e+00,0.000000000000000000e+00,0.000000000000000000e+00,0.000000000000000000e+00,0.000000000000000000e+00,0.000000000000000000e+00,0.000000000000000000e+00,0.000000000000000000e+00,0.000000000000000000e+00,3.460523257372757899e-02,3.662820232503854936e-03,3.507743262265553040e-05,1.832560521570964374e-03,5.424758813075305879e-04,2.903858533894434135e-04,3.468030167016225270e-04,4.360918256493080333e-04,1.173291979165863108e-03,7.797455525089625004e-04,9.358565691618950157e-04,9.202603248182197404e-04,7.096645004857687553e-04,5.982935947333363220e-04,5.835477398618754480e-04,7.245942652707544271e-04,7.797105433807152881e-04,2.345938870151460538e-03,4.981008236734986742e-04,1.540909649313807828e-03,1.598817295155482944e-03,5.682039726587849839e-04,8.336353499464944136e-04,7.782619312823683792e-03,3.940020125572786351e-03,2.291457799686829559e-03,4.261872423685830226e-03,7.488100288185658635e-03,2.585714627725527615e-03,7.941218301412462585e-03,2.214230235293782479e-03,3.588667422742852255e-03,1.010420299358543751e-02,2.033285955616221698e-03,7.317368293447410778e-04,5.798879448593083526e-03,8.122993607124604290e-03,6.734278664170312290e-03,5.586884746430278992e-03,8.478746660127994481e-03,5.521117990888490916e-03,1.203507040568410451e-02,3.151667334721449699e-03,4.537639640441978525e-03,3.192762522350998250e-02,9.211125682013191276e-03,1.859751330334521655e-02,3.505304705191149284e-02,2.639040987992360282e-03,6.901872773988579693e-03,4.639041020001375554e-03,5.122338817916148590e-03,9.103121531938028824e-03,2.364179839972910778e-03,5.801111842648272628e-03,8.873079945101629631e-03,1.648578265949036947e-02,3.780059071212530774e-03,1.194901804445386122e-02,9.652586085409115002e-03,9.809790275698337947e-03,1.361954787166907294e-02,2.665941633525926655e-02,1.527277814335653745e-02,8.522757016567236027e-03,5.077418276926760378e-03,7.033891791331321232e-03,4.562728316814763062e-03,2.651978811933921286e-03,3.162226796860685696e-03,2.391016134021104692e-03,3.081839153662402093e-03,3.017299355482948395e-03,1.209221234277309698e-03,1.025117046148181499e-03,7.379218777309320965e-04,9.264156552159216523e-04,9.378929795896499139e-04,8.926198255785835643e-04,1.043571593871178878e-03,1.128777108737951014e-03,9.024168253890612040e-04,1.069836455832397226e-03,1.051380024535943135e-03,6.294218840744512499e-04,6.289357706014938112e-04,4.803297976674501465e-04,5.054260881988997985e-04,4.764682779612829707e-04,3.706896910599761716e-04,5.288069158863721066e-04,3.560811559567256235e-04,3.890453273134404297e-04,3.836653854430781101e-04,4.101017564695802367e-04,4.072085171354023663e-04,3.920406733421114183e-04,4.184808538589109223e-04,3.741634275270069084e-04,4.553757752348921734e-04,3.842953679438907886e-04,3.768621488000289911e-04,4.514938701890461141e-04,3.059162408001238624e-04,4.800131306191386606e-04,5.936337331268516388e-04,2.718673512875747307e-04,7.395391146543690017e-04,3.576688180109372037e-04
0.000000000000000000e+00,0.000000000000000000e+00,0.000000000000000000e+00,0.000000000000000000e+00,0.000000000000000000e+00,0.000000000000000000e+00,0.000000000000000000e+00,0.000000000000000000e+00,0.000000000000000000e+00,0.000000000000000000e+00,0.000000000000000000e+00,0.000000000000000000e+00,0.000000000000000000e+00,0.000000000000000000e+00,0.000000000000000000e+00,0.000000000000000000e+00,0.000000000000000000e+00,0.000000000000000000e+00,0.000000000000000000e+00,0.000000000000000000e+00,3.391666666666666718e-01,3.400000000000000244e-01,0.000000000000000000e+00,0.000000000000000000e+00,0.000000000000000000e+00,0.000000000000000000e+00,0.000000000000000000e+00,1.650000000000000078e-01,2.141666666666666718e-01,2.399999999999999911e-01,4.324999999999999956e-01,4.799999999999999822e-01,4.641666666666666718e-01,4.450000000000000067e-01,3.908333333333333104e-01,2.300000000000000100e-01,2.091666666666666674e-01,1.983333333333333337e-01,3.783333333333333548e-01,5.191666666666666652e-01,4.650000000000000244e-01,4.091666666666666785e-01,1.150000000000000050e-01,8.416666666666666741e-02,8.250000000000000389e-02,3.166666666666666935e-02,5.600000000000000533e-01,4.949999999999999956e-01,3.250000000000000111e-02,1.750000000000000167e-02,2.083333333333333218e-02,2.399999999999999911e-01,3.291666666666666630e-01,3.516666666666666829e-01,5.416666666666666852e-02,5.750000000000000250e-02,5.916666666666666602e-02,5.916666666666666602e-02,4.499999999999999833e-02,1.291666666666666796e-01,1.083333333333333370e-01,1.224999999999999978e-01,1.091666666666666619e-01,1.499999999999999944e-02,1.499999999999999944e-02,1.416666666666666595e-02,5.999999999999999778e-02,7.083333333333333148e-02,7.666666666666666075e-02,7.000000000000000666e-02,4.083333333333333259e-02,3.083333333333333412e-02,4.916666666666666408e-02,4.833333333333333232e-02,2.000000000000000042e-02,3.150000000000000022e-01,2.608333333333333059e-01,2.500000000000000139e-02,2.416666666666666616e-02,3.416666666666666463e-02,3.416666666666666463e-02,4.916666666666666408e-02,5.833333333333333426e-02,7.083333333333333148e-02,7.166666666666667018e-02,6.500000000000000222e-02,3.583333333333333509e-02,3.583333333333333509e-02,7.166666666666667018e-02,6.833333333333332926e-02,8.916666666666667185e-02,1.499999999999999944e-01,1.625000000000000056e-01,1.966666666666666563e-01,2.241666666666666530e-01,2.583333333333333592e-01,2.275000000000000078e-01,1.983333333333333337e-01,1.799999999999999933e-01,1.583333333333333259e-01,1.474999999999999922e-01,1.358333333333333337e-01,2.058333333333333404e-01,2.824999999999999734e-01,3.441666666666666763e-01,2.399999999999999911e-01,2.216666666666666785e-01,3.275000000000000133e-01,2.983333333333333393e-01,2.424999999999999933e-01,2.433333333333333459e-01,1.983333333333333337e-01,1.616666666666666530e-01,2.333333333333333370e-01,3.300000000000000155e-01,3.016666666666666941e-01,2.166666666666666741e-01,1.991666666666666585e-01,2.558333333333333570e-01,2.166666666666666741e-01,1.258333333333333248e-01,1.491666666666666696e-01,9.583333333333333981e-02,1.133333333333333276e-01,2.374999999999999889e-01,2.141666666666666718e-01,3.049999999999999933e-01,2.691666666666666652e-01
-4.941851190041067099e+01,-4.962940268531193055e+01,-5.059644256269407236e+01,-5.059644256269407236e+01,-5.059644256269407236e+01,-5.059644256269407236e+01,-5.059644256269407236e+01,-5.059644256269407236e+01,-5.059644256269407236e+01,-5.059644256269407236e+01,-5.059644256269407236e+01,-5.059644256269407236e+01,-5.059644256269407236e+01,-5.059644256269407236e+01,-5.059644256269407236e+01,-5.059644256269407236e+01,-5.059644256269407236e+01,-5.059644256269407236e+01,-5.059644256269407236e+01,-4.948973055772818697e+01,-4.796288382343201562e+01,-4.677519240738392625e+01,-4.696477204343548806e+01,-4.815581501906736861e+01,-4.831275662885856548e+01,-4.941678508049405849e+01,-4.819216591686492279e+01,-4.079474010842499609e+01,-3.852316477116846727e+01,-3.623960308414368825e+01,-3.333901632650604796e+01,-3.146648679673379334e+01,-3.026114406222292885e+01,-3.011464795919486548e+01,-3.048199093802600501e+01,-3.175493599285745105e+01,-3.484132194244821790e+01,-3.550745647875690025e+01,-3.874624335981950907e+01,-2.940251524401734073e+01,-2.860976216116339899e+01,-2.916388808330486171e+01,-2.435490045004792847e+01,-2.248165865306676636e+01,-2.258376047342544268e+01,-2.350726667346352627e+01,-2.736992019307481527e+01,-2.473698256228146519e+01,-2.400045482051811518e+01,-2.381091543934135046e+01,-2.445882234952994239e+01,-2.575878193205191025e+01,-2.749013883489609711e+01,-2.651386091040146198e+01,-2.518344506096556756e+01,-2.371403731943136606e+01,-2.281403841129690591e+01,-2.389347802751187189e+01,-2.468333343469277352e+01,-2.728049148272108226e+01,-2.405613668308565778e+01,-2.436964014886487107e+01,-2.468666703980564847e+01,-2.421857810875812334e+01,-2.496985454498969048e+01,-2.588177186287849452e+01,-2.235757148723995869e+01,-2.190714902442681478e+01,-2.231016401363833879e+01,-2.383119498716445861e+01,-2.492179936663548645e+01,-2.439544092076205217e+01,-2.460105849103597819e+01,-2.420823798161278617e+01,-2.643892773638591365e+01,-2.626156861068460557e+01,-2.464434193301290676e+01,-2.396897281792243817e+01,-2.490462087527188473e+01,-2.402646129668177721e+01,-2.513418045054003613e+01,-2.455165552256134021e+01,-2.276333057473872756e+01,-2.127066327778936028e+01,-2.210799761688708998e+01,-2.345580686993492137e+01,-2.499591002839024867e+01,-2.672559739912496113e+01,-2.907689576196172254e+01,-3.100019720981591931e+01,-3.175728640209108988e+01,-3.191524065585510073e+01,-3.191305837656205213e+01,-3.174842884796205666e+01,-3.238242180546141213e+01,-3.311159369334030345e+01,-3.294662621939938418e+01,-3.296913182108166041e+01,-3.365473133070373279e+01,-3.446248170530364519e+01,-3.536210167951376349e+01,-3.654957899014757317e+01,-3.838687620146118462e+01,-3.939730361168779638e+01,-4.032937346207430807e+01,-4.147590087206924636e+01,-4.213392698392269864e+01,-4.147955206714778598e+01,-4.174109091222905477e+01,-4.253619202404032507e+01,-4.251695169031419397e+01,-4.259512821182367048e+01,-4.256552395022889357e+01,-4.234593862581255763e+01,-4.216145914854384813e+01,-4.229518967025575904e+01,-4.225593743320958851e+01,-4.242664462415591942e+01,-4.273603930265669959e+01,-4.245196860608086098e+01,-4.259931910435113878e+01,-4.277675039603227702e+01,-4.269003649003690981e+01,-4.259726534355711891e+01,-4.118875070119636206e+01,-4.121632843117993872e+01,-4.227808804828222833e+01,-4.205701282743726210e+01
2.389135492140904982e-03,9.919529776238915006e-04,0.000000000000000000e+00,0.000000000000000000e+00,0.000000000000000000e+00,0.000000000000000000e+00,0.000000000000000000e+00,0.000000000000000000e+00,0.000000000000000000e+00,0.000000000000000000e+00,0.000000000000000000e+00,0.000000000000000000e+00,0.000000000000000000e+00,0.000000000000000000e+00,0.000000000000000000e+00,0.000000000000000000e+00,0.000000000000000000e+00,0.000000000000000000e+00,0.000000000000000000e+00,-7.928144365566625051e-02,-5.916456264063163495e-01,-2.387175756237812918e-01,-4.048227192809950026e-02,-9.609891376166650526e-03,7.682768248005174966e-03,2.630578143348267020e-03,-2.519909250570258052e-01,4.181378011975597220e-01,-4.772848063458631773e-01,-4.435659595608349992e-01,-1.530961770406349953e-01,-7.247298899918652726e-01,-4.075703603424624677e-01,-6.625842920477991171e-01,-5.900639127083686652e-01,-3.923831035279338741e-01,5.948970700904082642e-01,9.461650774224810156e-01,5.857803889062133118e-01,4.383494801889457199e-02,-6.244430437179437909e-01,-1.422989677225377836e+00,1.784501528028075379e+00,8.570657124562102158e-01,1.162997565225872609e+00,1.880763462191516133e+00,1.845492170827994771e+00,2.283704287848999037e+00,1.098473811819414614e+00,1.454693132327223193e+00,1.160770647904586950e+00,1.432865316775536080e+00,7.841946867567517465e-01,1.007528919158882763e+00,1.022647719340944672e+00,6.543751548999794387e-01,9.147655987354718077e-01,5.475480056061918788e-01,1.323967096093413787e+00,3.763488539145949385e-01,1.461888058459271278e+00,1.535664226187876569e+00,1.114261134383263352e+00,2.303784272812660738e+00,3.695145091368595924e+00,3.138444683069260499e+00,8.940571511759419776e-01,-9.961257827170191814e-02,2.763762120123396948e-01,3.851100570502747900e-01,1.710617359486052313e+00,1.919995012690966396e+00,1.663315167741851397e+00,2.332143025644488610e+00,2.802629195759481995e+00,1.946908313569341242e+00,1.592814167363244771e+00,1.741516710842085924e+00,1.216019348041780024e+00,2.447820169179584671e+00,3.527904480685625899e+00,1.342309432988020079e+00,-1.408776124160622534e-01,1.909394870110806830e-01,-4.730526564011210411e-01,5.135077368802755116e-01,9.023788287762486426e-01,1.599768420138612646e+00,8.839157756671358612e-01,1.368961909658374498e+00,6.431072563035770129e-01,5.272225517964773678e-04,1.802708018173105470e-02,2.686960775321461381e-01,3.678542378824342651e-02,-1.929295477017166083e-01,-1.553533615020718517e-01,-4.354554533386048067e-03,8.172897236967449630e-02,2.887831917703633233e-01,5.173624171358516266e-01,6.085246280291877197e-01,9.540395199310951480e-01,1.125049928033735158e+00,1.129708066039067926e+00,1.212970249888969398e+00,1.207111717623998715e+00,1.494549172639625390e+00,1.392158345995726521e+00,1.175942782159868472e+00,1.001497514990965954e+00,9.567373801397627275e-01,9.839304259399375141e-01,1.174428389770948211e+00,1.268289159662516097e+00,9.998961528050531733e-01,9.056847732477290025e-01,8.603842518356608071e-01,8.506296634645595933e-01,8.438555227289991079e-01,9.865272301809466793e-01,9.441235570892645423e-01,9.038769553857100014e-01,1.042425819581804802e+00,1.559733899453241035e+00,1.574301826098406298e+00,1.231137746883901984e+00,1.057427051354239644e+00
4.276921936963839349e-03,1.097361471067245797e-03,0.000000000000000000e+00,0.000000000000000000e+00,0.000000000000000000e+00,0.000000000000000000e+00,0.000000000000000000e+00,0.000000000000000000e+00,0.000000000000000000e+00,0.000000000000000000e+00,0.000000000000000000e+00,0.000000000000000000e+00,0.000000000000000000e+00,0.000000000000000000e+00,0.000000000000000000e+00,0.000000000000000000e+00,0.000000000000000000e+00,0.000000000000000000e+00,0.000000000000000000e+00,-3.581038280739463897e-02,-6.942305904811740813e-02,4.628189777374672881e-02,4.485542841125077229e-02,-1.261032951182412300e-02,-1.397552057631408148e-03,3.277569677995006633e-03,-2.081403190804282377e-01,2.541422386619561768e-01,-3.853326213244233703e-03,2.809294596969581503e-01,3.731724707255142937e-01,1.677732085633284742e-01,7.316987155444836244e-01,6.261719057011967404e-01,4.224570949123186980e-01,3.167078529862434877e-01,1.059369858487971827e+00,1.234459343379101792e+00,8.647827103951255534e-01,3.905917575793672047e-01,5.894817825356459817e-01,7.171071717970438630e-01,8.228762764711328170e-01,1.669853575182988492e-01,8.682501411694175664e-01,-1.172691618745740627e-01,1.342764318011891167e-01,3.407847389786631265e-01,-4.655693196442818316e-01,3.324572927626030516e-01,-1.534727530033766218e-01,1.818188662657367338e-01,6.355605977780509619e-02,1.860582082713201635e-01,-1.503862751130378816e+00,-1.624041850084005478e+00,-1.456543717757892598e+00,-1.484882048795630016e+00,-7.747617463540489302e-01,-4.883026463368901338e-01,6.668846660267947757e-02,5.316958364363908451e-01,4.109645310033362420e-01,-1.364688690170439700e-01,2.297243602811165075e-02,-2.842368772432442015e-01,-1.263679971845141026e+00,-1.646957265957037730e+00,-1.264604986911879836e+00,-1.775257929883082619e+00,-1.118889738587661498e+00,-5.108655870146363576e-01,4.269860767347518071e-01,2.003393475473150831e-01,1.890141316203144684e-01,9.475610519151942412e-01,-1.584070438084360377e-03,-1.288196612103932104e+00,-1.495517018709739965e+00,-1.638578667643671993e+00,-1.494601411671926616e+00,-1.917249695551985100e+00,-2.790950232190179570e+00,-2.461310579981111690e+00,-2.900268712251867775e+00,-2.395684692712593211e+00,-2.161143340236597155e+00,-8.263683138275009776e-01,-1.013914265566631556e+00,-5.676577711548466132e-01,-5.614613428071840717e-01,-3.655891345711461682e-01,-5.962080647776529796e-01,-5.058137928099619707e-01,-5.057848540963107986e-01,-5.690166538288864428e-01,-4.170551491015032641e-01,-3.365468982005143106e-01,-4.948460589891108263e-01,-5.476151319799342776e-01,-5.742973177985136735e-01,-3.915019723284199893e-01,-5.059502647689617660e-02,4.799818878103451203e-02,-2.961010911159203673e-02,-7.803609019386856249e-03,1.093490889041919406e-01,1.669274385585828857e-01,2.002233161501699166e-01,3.040944772956546971e-01,1.657887829735393281e-01,2.478541782866148235e-01,8.039977591686811587e-02,8.198499637887914082e-03,1.763077071507068994e-01,7.531979066804057876e-02,-1.674244655079953348e-01,-2.759715514188412072e-02,1.314021386531998709e-02,-1.586197194154865264e-01,-9.520906233206842539e-02,-1.266301912258718243e-01,-1.112242804271353080e-01,-1.294959546181559118e-01,1.588486211937940040e-01,1.333432247423556594e-01,3.080639219520599215e-02,-8.056834779779978306e-02
6.110386048584628277e-03,1.098479623684458324e-03,0.000000000000000000e+00,0.000000000000000000e+00,0.000000000000000000e+00,0.000000000000000000e+00,0.000000000000000000e+00,0.000000000000000000e+00,0.000000000000000000e+00,0.000000000000000000e+00,0.000000000000000000e+00,0.000000000000000000e+00,0.000000000000000000e+00,0.000000000000000000e+00,0.000000000000000000e+00,0.000000000000000000e+00,0.000000000000000000e+00,0.000000000000000000e+00,0.000000000000000000e+00,3.669186842680545457e-02,2.533841359967128337e-01,8.665179191078736798e-02,3.232027511475768500e-02,-3.535523551094403583e-02,4.225390934957595594e-03,4.086727482282804906e-03,-4.701754194231604067e-02,-2.225184658118299630e-01,-3.864137761437157481e-01,-4.068497094960539240e-01,-5.822252386092072740e-01,-6.519876696776456537e-01,-2.960940672456234268e-01,-3.821990709383721319e-01,-5.613724846496819243e-01,-5.469127264808846256e-01,-3.090641485835821101e-01,-3.099848115638744739e-01,2.228527256920803667e-02,-1.107927897356455471e+00,-1.234564310732502168e+00,-1.536389249177641192e+00,-1.642684347157814528e+00,-1.542925159501327581e+00,-1.164344159920153388e+00,-1.064731541598593845e+00,-1.507343374175794004e+00,-8.015318458983202721e-01,-1.190585015099801858e+00,-1.058874707257645875e+00,-9.683918507489809313e-01,-9.359785618510936267e-01,-1.052785452247853248e+00,1.238343799138399426e-01,-4.908738023766161529e-01,7.285049330613482255e-01,-1.434516219809990611e-02,1.786920253478060938e-02,2.048714852742469505e-01,-2.207853987522734873e-01,-1.133356063311758533e+00,-1.616457319555497651e+00,-1.187883637943924375e+00,-1.090122600709538370e+00,-4.986126119523771605e-01,4.620317588371577328e-02,2.561623735500826449e-01,3.442189710813060161e-02,-2.166688264072026693e-01,-8.443769447231798120e-01,-2.477852616634174943e-01,-8.519642834297875833e-01,-8.764580236729863083e-01,-8.010019447925770253e-01,-3.463722568730652762e-01,-2.385763319394184345e-01,-6.559582427913582814e-01,-7.621497727625803353e-01,-5.558558116430501600e-02,-8.937863471786267056e-01,-8.072699813731543106e-01,-4.686128944901047921e-01,-2.873137311488710433e-01,-7.931090146539714059e-02,-8.354768993447121428e-01,-7.268683371337885113e-01,-8.588897820358651902e-01,3.275099615943674602e-02,-8.536677788406257794e-02,-8.109778294579624014e-02,-3.575586848754496172e-01,-4.445274864152054528e-02,-3.385838423513980455e-01,-2.098358023459473976e-01,-6.760762535837176734e-02,-3.146954616797820181e-01,-1.754186471792189561e-01,-2.405407660593615327e-01,-1.326748933128535368e-01,1.878772252608193472e-01,2.433575968600264761e-01,2.997449073383782747e-01,2.735232971257440249e-01,3.144161862948398056e-01,2.983668972782869133e-01,3.286634945744701941e-01,-1.893450038247682654e-01,8.827186779383379422e-02,1.422339220771559054e-01,2.547041088620355387e-01,-8.640375040551308283e-02,-1.694498030388318782e-02,7.148350844782004609e-02,-4.308859667982078284e-02,1.702104444609862655e-01,9.533065170023971580e-02,-1.684130271841930981e-01,-2.074846365728049147e-01,-1.968309210859455483e-01,-2.705146358066404799e-01,-1.475670989921345488e-01,1.553594259197781935e-01,2.129708375778792129e-01,8.562310810005593908e-02,-2.846513422334951207e-02,4.869125410899928508e-02,1.087010048393877854e-02,-4.754040382294499878e-02
7.694813703165156310e-03,1.154151415181452114e-03,0.000000000000000000e+00,0.000000000000000000e+00,0.000000000000000000e+00,0.000000000000000000e+00,0.000000000000000000e+00,0.000000000000000000e+00,0.000000000000000000e+00,0.000000000000000000e+00,0.000000000000000000e+00,0.000000000000000000e+00,0.000000000000000000e+00,0.000000000000000000e+00,0.000000000000000000e+00,0.000000000000000000e+00,0.000000000000000000e+00,0.000000000000000000e+00,0.000000000000000000e+00,2.245653007331669115e-01,3.392570333124393933e-01,-1.617427752988662149e-02,-1.212039548738924194e-01,-2.527723784034163063e-02,9.366088444551366916e-04,4.446875072426021216e-03,-1.861044857681111719e-01,-8.335458319326776166e-01,-7.251639564265625060e-01,-8.723674541329424770e-01,-8.071021243398712741e-01,-7.820628230061690278e-01,-1.804461731529393709e-01,-3.522991269230472122e-01,-4.378958380689693675e-01,-4.490649099055880056e-01,3.900099759922066034e-01,5.708458518825075823e-01,2.983987535824816906e-01,-1.410998200367440947e-01,-1.087201112987373347e-01,-1.979682072357006606e-01,-6.987091892119460246e-01,-1.134469829560643017e+00,-1.064801362582389110e+00,-1.393415556642904729e+00,-1.421187465574766495e+00,-1.205917912932959357e+00,-1.336759137862412405e+00,-1.284303975755527016e+00,-1.623141248763372957e+00,-1.140223191805128211e+00,-9.286535289890498479e-01,-3.478610989208422155e-01,-6.792966532585121842e-01,9.596146128731837532e-03,-5.247570996746195315e-02,-1.493159556536103327e-01,-2.905629603532509930e-02,3.902780640008424173e-01,-1.478075416058437230e-01,-3.351432855797905064e-01,8.131215251962461976e-02,-3.018010005989506528e-01,-2.563469661877322281e-01,-1.843607967248906965e-01,-3.069193528371152446e-01,-5.839276428327042634e-01,-4.579637166954177996e-01,-7.788616537747543589e-01,-1.736059575210225359e-01,-5.142408288411591810e-01,-8.139237551874627385e-01,-4.901605077624308082e-01,-1.116330370080931556e-01,-1.145913555976563192e-01,-8.388527300712146362e-01,-1.046799284382678774e+00,1.791332512237570063e-01,-5.670032969892555563e-01,-1.666111156917253200e-01,-4.865916577222865746e-01,-9.438982516693209535e-01,-1.371420941945739713e+00,-1.895574521263895029e+00,-1.530503756185472408e+00,-1.060996772460120363e+00,-7.337829545854361868e-01,-9.376754091425715254e-01,-9.305977497884850846e-01,-5.570826502998303953e-01,-6.930471111686503649e-01,-1.093993619867476674e+00,-1.067459118296352649e+00,-8.287373421794519412e-01,-8.764453393193873953e-01,-6.124793290634997778e-01,-8.961492759290644594e-01,-9.094580687050607404e-01,-8.672232412162110826e-01,-8.592520019788696395e-01,-8.828026071723839019e-01,-7.051598611625291557e-01,-6.072588046417382035e-01,-3.378294985431883890e-01,-1.542107086185910414e-01,-2.085398610328424440e-01,-1.435881032705934035e-01,-2.392189971979547802e-01,-3.115227330026829611e-01,-1.483031708296586038e-01,-3.580473644973338754e-01,-1.619351119802414363e-01,-1.263409520822767751e-01,-1.394430904774051627e-01,-1.532575538207875676e-01,-1.461679475158028096e-01,-2.392111004972520827e-01,-3.313382733139090819e-01,-1.598867568360906877e-01,5.321462377805363797e-02,1.976894200198954232e-01,1.010509643438561589e-01,-1.197360217787282605e-01,-4.292055874619461475e-01,-3.791717733917701061e-01,-1.482849678194373133e-01,-2.325340777459354857e-01
9.097962732199746383e-03,1.230088285558080712e-03,0.000000000000000000e+00,0.000000000000000000e+00,0.000000000000000000e+00,0.000000000000000000e+00,0.000000000000000000e+00,0.000000000000000000e+00,0.000000000000000000e+00,0.000000000000000000e+00,0.000000000000000000e+00,0.000000000000000000e+00,0.000000000000000000e+00,0.000000000000000000e+00,0.000000000000000000e+00,0.000000000000000000e+00,0.000000000000000000e+00,0.000000000000000000e+00,0.000000000000000000e+00,2.486876131976838156e-01,2.607167347541476943e-01,1.108355298408809572e-02,-1.376072179148932206e-01,-1.541002026316490477e-02,3.400086805636685482e-03,5.736214750108151704e-03,1.639407480007573914e-01,1.809398287154862506e-01,-8.891136885271257173e-02,-1.576812754028726338e-01,-2.555372953599251984e-01,-1.204372672030260827e-01,1.081637032203888737e-02,-2.840372490202033307e-01,-1.709304588358558641e-01,-1.723739891135652180e-01,-1.119935818391890187e-01,-2.250634952197203553e-01,1.424723633241290199e-01,2.311525875824278209e-01,8.502959718496369557e-02,-3.646075869968332106e-02,-6.240380554038196248e-01,-6.768683958382065713e-01,-3.468327685845505881e-01,-6.446503934193411611e-01,-7.957403174639013921e-01,-5.188985874803559994e-01,-9.304680603486537027e-01,-4.107060163887870097e-01,-5.256068681510114304e-01,-4.843875202580792960e-01,-1.063974372466733431e+00,-1.163436749695939909e+00,-1.219282552221814253e+00,-1.020820730301189361e+00,-8.654291646508990299e-01,-7.107613101094167884e-01,-2.199894309215464361e-01,-7.971362147672059750e-01,-1.283190935234970631e+00,-1.095945649768492514e+00,-1.606094593720063246e+00,-1.130533329386313568e+00,-9.038145383458175974e-01,-1.060198299333577898e+00,-5.415218190055439695e-01,-5.832551774816221446e-01,-2.347249607314736697e-01,-5.084865884054943219e-01,-9.064863480644530513e-02,3.815400644014863007e-02,-7.486654028129310912e-02,-1.090837400958064307e-01,-1.964916937914360506e-01,-2.728306666613490306e-01,-3.383933919302993809e-01,-5.430867794712141983e-01,-1.971734544984906357e-01,-8.309455582865707401e-02,-3.192148628973133784e-01,-4.266898921436843573e-01,-1.133555695628388482e-01,1.509628614854703621e-01,-2.079854823737825043e-01,1.127380616252833534e-01,4.353453463287693115e-02,-2.516288246267918138e-01,-3.584224912738498414e-01,-9.912306844056467670e-02,-3.036034088444230505e-01,-2.104951610368326065e-01,-2.625872103105101329e-01,-2.897682531031172681e-01,-2.289826510058296793e-01,-2.835975049377946200e-01,1.279986308468395451e-01,3.737826667653078305e-02,-1.672503072175718711e-02,-1.023232190280563558e-01,-8.455454618347110762e-02,-3.041504222366927523e-01,-2.311634578740029144e-01,-2.971194553742174116e-01,-2.105989716512625121e-01,-3.649223318844504460e-01,-2.185959582695675696e-01,-3.179268618152280013e-01,-1.966070153448971347e-01,-3.505007643869045841e-01,-1.496594409603715647e-01,-3.134313448913036426e-01,-3.030963823978824467e-01,-2.225083493991825978e-01,-8.432339928149729102e-02,-8.503811828100232839e-02,-2.417534701964006438e-01,-2.517777844180745794e-01,-2.480370755192496113e-01,-9.332612955870295268e-02,-8.000029665646657406e-02,-1.079480710687636819e-01,-2.155097946461629332e-01,-3.180344304620570384e-01,-5.053441153899296268e-01,-6.047520714797249841e-01,-4.218746513442427348e-01,-5.014792477350237254e-01
1.139962944379382601e-02,1.377586319394203665e-03,0.000000000000000000e+00,0.000000000000000000e+00,0.000000000000000000e+00,0.000000000000000000e+00,0.000000000000000000e+00,0.000000000000000000e+00,0.000000000000000000e+00,0.000000000000000000e+00,0.000000000000000000e+00,0.000000000000000000e+00,0.000000000000000000e+00,0.000000000000000000e+00,0.000000000000000000e+00,0.000000000000000000e+00,0.000000000000000000e+00,0.000000000000000000e+00,0.000000000000000000e+00,5.404183722837120618e-02,-2.478225886750988760e-01,-4.165513737359406443e-01,-3.455338540297777650e-01,-7.830668051244014938e-03,2.409657441339600227e-03,5.406540204546926749e-03,-1.553999722327449318e-01,-2.826725291260482331e-01,-1.243108906889237586e-01,2.162814351243043109e-01,2.512382164928989581e-01,-4.254717647748007536e-02,-2.295181665350490841e-01,-4.908722358401145236e-01,-2.348160385101738246e-01,5.115200931150688107e-02,-4.986307069745597037e-02,2.523242436597458171e-01,1.478034675402761511e-01,5.686313708139210110e-01,5.993566715391351885e-01,6.599851021035854082e-01,-2.338396590200902125e-01,-6.348554105806181180e-01,-7.736084580140085709e-01,-4.488054904714037230e-01,-9.902255454586808003e-01,1.353477540172012272e-01,1.849034923448610035e-02,-3.034500293808549687e-01,-4.428077098158430536e-01,-4.806342257707663101e-01,-2.281007201234179216e-01,-1.037954813055820685e-01,-1.210864198202572656e-01,-4.821231132759645210e-01,-2.937296821305569738e-02,-3.056135761325943778e-01,-4.851792895682287554e-01,-5.623779771866151966e-01,-4.894628616291021306e-01,-2.747393728997878370e-01,-7.079882089286915203e-01,-3.084233461730670478e-01,-5.010716784437992954e-01,-6.041401068659104645e-01,-5.340861753845268511e-01,-7.095737329757760836e-01,-4.588164526216924610e-01,-1.071528098028558418e+00,-5.500090662901437888e-01,-3.487791855645767658e-01,-1.099586051037347023e-01,-2.195302192488493009e-01,-4.074113594649738657e-01,-5.518762035710116781e-02,-4.740189674384057833e-02,4.425551658188037196e-01,4.500963896443558321e-01,1.604982950539446396e-02,-1.833387578654046002e-01,4.124185593275355166e-01,-3.112667240496304055e-01,-7.077279474250497415e-01,-1.613539953849107533e+00,-1.256250213925278025e+00,-7.117266778433173346e-01,-1.392894769466883620e+00,-1.401802971634643180e+00,-1.076909431093424629e+00,-6.445862605054282213e-01,-1.250650037525601888e-01,1.562994584830636191e-01,1.313006418664142416e-01,6.287302669527153332e-02,-1.530101110065584247e-01,3.040695581993820840e-01,2.810273748686515360e-01,4.150669084268809872e-01,2.694466531252618924e-01,1.093053229667885762e-01,-9.307540867966286602e-02,1.013390172647722354e-01,7.728814061555311365e-02,1.846975416603489906e-02,-6.531473495700156062e-02,-1.167336200887527792e-01,-8.262231481687565271e-02,-8.074679507839623016e-02,-3.985553230803726699e-01,-2.377321369442875199e-01,-1.887398085943651216e-01,-5.589128873535179065e-02,-2.509594445039409899e-02,7.343290905272109592e-02,-1.192153279020484319e-01,-3.158742171605425364e-01,-3.313632750310822050e-01,-3.411607939396740230e-01,-6.090821940684296165e-02,-1.650933297594666116e-01,-3.441282171602708662e-01,-2.156083749067209676e-01,-3.801911186702905399e-01,-8.641664857334584449e-01,-8.710317235721900531e-01,-1.759820305824183473e-01,-2.983204917353510233e-01
1.372366818039676833e-02,1.180295801474013717e-03,0.000000000000000000e+00,0.000000000000000000e+00,0.000000000000000000e+00,0.000000000000000000e+00,0.000000000000000000e+00,0.000000000000000000e+00,0.000000000000000000e+00,0.000000000000000000e+00,0.000000000000000000e+00,0.000000000000000000e+00,0.000000000000000000e+00,0.000000000000000000e+00,0.000000000000000000e+00,0.000000000000000000e+00,0.000000000000000000e+00,0.000000000000000000e+00,0.000000000000000000e+00,-1.277439964877368772e-01,-7.372186741015115952e-02,-3.596134969400345549e-02,8.489361797686653666e-02,5.640008257559195326e-02,3.163440698195345291e-03,2.926038508811336977e-03,1.135926455872778712e-02,-1.805476453091655123e-02,1.000250093315218081e-01,4.075421482375231053e-01,3.482289839615232419e-01,4.860905525828306678e-02,-2.144725586647877949e-03,-1.878998570942244650e-01,-1.331720426460873685e-02,3.437562186325898717e-01,4.589686651281715268e-01,4.469403869612175173e-01,3.705863977994593439e-01,3.555922451116738658e-02,5.162041685685402059e-02,-6.768228636416438737e-02,-3.038635631660460690e-01,-1.988512440087667754e-01,-4.538721988930799478e-01,-6.475278710070972998e-01,-7.844472206915410473e-01,-6.734420472274340597e-01,-6.246822752899920950e-01,-4.662297512596951243e-01,-2.815597363469078962e-01,-4.801723843184961815e-01,-1.790359999549636649e-01,-1.419784943067358696e-01,-5.226244363383575342e-01,-7.476253648430448706e-01,-4.957631745048966532e-01,-8.921945326216860206e-01,-8.532093027639477967e-01,-3.631103466809805780e-01,-1.524158691475981930e-01,-7.785228323516675264e-01,-7.374500040636594589e-01,-7.353569889229411016e-01,-7.098895739713627639e-01,-5.094282682725739253e-01,-1.366484710221722354e+00,-1.136451926449933314e+00,-6.900305862826535686e-01,-1.081936141572307442e+00,-6.617239105724816994e-01,-5.803083259700885232e-01,-8.395475263385885345e-01,-7.664001913925941878e-01,-6.331572443018134155e-01,-3.923941897359548570e-01,-9.991267338397971098e-01,-6.901219895220573886e-01,-7.476221246170818846e-01,-4.469915998447088756e-01,-3.266303165273645170e-01,-4.155627984011040499e-01,-7.977907307705387474e-01,-5.807232909761401718e-01,-6.830466561512423818e-01,-4.040136657334163495e-01,3.046855251995918556e-01,1.303919023409374212e-01,5.910019827854226526e-02,-2.989183906400445512e-01,-3.491528315151945505e-01,-4.381873023225989483e-01,-4.146702378550348178e-01,-2.182846280474795009e-01,-2.049366887216731159e-01,-5.262501104993364542e-01,-3.831771225688618832e-01,-4.431686029428705265e-01,-2.091532700773683917e-01,-3.062352387349865923e-01,-3.936159624401963653e-01,-3.650280634519911804e-01,4.704268637461409691e-02,-6.854010727367826350e-02,-4.342591576915182106e-02,-1.355965590160201351e-01,-1.559621594483226736e-01,1.059999052892346000e-01,7.135344293493695034e-02,-2.485816829028169098e-02,2.255284320415212596e-01,1.575761401842789011e-01,5.052908672181175009e-02,2.347412470997509853e-02,-1.428373326881374195e-02,8.175264358687463206e-02,-1.002873668028293475e-01,-1.399974892232383195e-01,3.529822424055799324e-02,2.860373540038944062e-01,2.414733173694040280e-01,-1.756431338196437833e-02,-5.275950455955117496e-02,-3.063982840466614177e-01,-4.171183222820511460e-01,-2.845403697383122599e-01,1.059424456353934563e-01,-1.394590070770062029e-01
1.307801675043574960e-02,1.108785739589688473e-03,0.000000000000000000e+00,0.000000000000000000e+00,0.000000000000000000e+00,0.000000000000000000e+00,0.000000000000000000e+00,0.000000000000000000e+00,0.000000000000000000e+00,0.000000000000000000e+00,0.000000000000000000e+00,0.000000000000000000e+00,0.000000000000000000e+00,0.000000000000000000e+00,0.000000000000000000e+00,0.000000000000000000e+00,0.000000000000000000e+00,0.000000000000000000e+00,0.000000000000000000e+00,4.748716526277398098e-02,-7.784253615570836671e-02,6.436280893615994869e-02,1.463842358456760029e-01,3.159925160142436351e-02,1.191355648886369611e-03,-2.469988222232293550e-03,2.805879567861517820e-01,5.245758118853792451e-02,3.144309676844717766e-02,6.585435227313293782e-02,1.750660112873186347e-01,1.967650228511664823e-01,2.005369612879172592e-01,-1.194681944684858055e-01,-2.589824530239403719e-02,7.562023431108945426e-02,1.847768274779164610e-01,6.612639237615383636e-02,6.500742107153467675e-02,6.152134273616014504e-01,4.570679214128153256e-01,-1.085949119669091245e-01,-1.010801095413486339e-01,5.097352188112649340e-01,5.469483710151732403e-01,4.021438065944200613e-01,-3.745515017691310178e-02,8.866555236520520245e-01,7.676940227232631475e-01,9.117652082310132577e-01,6.232190248184503734e-01,4.791124766881862396e-01,4.881535233796392426e-01,4.749018708415481127e-01,2.131665655685482108e-01,1.340169755806400187e-01,-1.378770291607764320e-01,1.169503966134168155e-01,-4.920922817589021281e-01,-4.169267078999228104e-01,5.651107411293793126e-01,2.793510240185225202e-01,6.468983630350251257e-01,6.204857510178005131e-03,-1.858173400150696652e-01,-3.383497178502578584e-01,-7.123141318263283284e-02,1.064310397443478662e-01,-2.384953957232261723e-01,-6.838427237289383953e-01,-4.636893128948316178e-01,-6.039717088253815369e-01,-8.521202781189747277e-01,-6.419034483696659521e-01,-6.516486708436878272e-01,-2.641986041544239772e-01,-7.333058082995824734e-01,-7.542654647789053257e-01,-1.144358935659490983e+00,-7.028877096471957131e-01,-4.800903818162965964e-01,-1.295799790431271248e+00,-1.035996072978404570e+00,-6.058980253115060777e-02,6.287842146117129660e-01,9.815411129231963461e-01,7.881997885766950374e-01,7.381711726275410612e-01,4.351064400255740816e-01,9.739118646124655942e-01,9.099855350579904023e-01,7.015948973603222116e-01,6.496938858190162147e-01,5.261375880203387201e-01,5.432182383672270465e-01,2.233662775743344708e-01,2.372640110163089788e-01,2.528383403065229129e-01,2.344268460630663520e-01,2.933625502976259236e-01,4.842883784062202435e-01,3.061938570366736778e-01,2.196542847605404969e-01,2.617115660844844260e-01,-4.150398231707469465e-02,-7.492736219148990462e-02,-4.344809523598755496e-02,-3.549000621082702700e-03,-4.942004130357237346e-02,-4.195636044154920502e-02,-1.963377184521009067e-02,3.058701692165376879e-02,1.179621874760235223e-02,-1.490462784078707692e-01,-1.027946788156018088e-01,1.747570653148436126e-01,-1.775344451592476003e-01,-3.169949273798574607e-01,1.245614869459291951e-01,2.665395048305142511e-01,1.212360977311279786e-01,-1.986332765747323148e-01,-8.038269809114884090e-02,-1.491705821122550069e-01,-1.774334733616348136e-01,-2.549407770686400454e-01,-5.334850068943143564e-02,-1.195703698976286755e-01
8.302218951069081226e-03,1.264459119406909169e-03,0.000000000000000000e+00,0.000000000000000000e+00,0.000000000000000000e+00,0.000000000000000000e+00,0.000000000000000000e+00,0.000000000000000000e+00,0.000000000000000000e+00,0.000000000000000000e+00,0.000000000000000000e+00,0.000000000000000000e+00,0.000000000000000000e+00,0.000000000000000000e+00,0.000000000000000000e+00,0.000000000000000000e+00,0.000000000000000000e+00,0.000000000000000000e+00,0.000000000000000000e+00,1.599655387470502385e-02,9.042848496123123692e-02,-1.252745166542094113e-01,-1.596844838533842681e-01,-2.010836490603093787e-02,1.447832983983308487e-03,-3.139428829945679119e-03,1.120466674898082035e-02,-2.076988958333904622e-01,-9.911161714690727709e-02,-2.270766179257483752e-01,-3.146305621117780893e-01,-1.585085357324587108e-01,-3.163811785484821892e-01,-3.278944122145170947e-01,-2.734477065282093777e-01,-2.476893400086118135e-01,-1.387685860460311643e-02,1.624559840511838604e-01,1.470016967104419425e-01,1.141021030767783995e-01,1.549456044717342496e-01,9.982409250607626738e-02,6.539283953998128451e-01,6.539100076423169927e-01,4.774809663359393386e-01,4.379492832627301935e-02,3.052061209009582221e-02,2.735519327611707907e-01,4.339886242310543318e-01,5.861473767616912633e-01,5.395700475577085431e-01,1.054501565357086335e-01,5.832349122256030166e-02,-2.085848834079631064e-01,3.359099795840727043e-01,7.006092152489886704e-01,6.639930509797480340e-01,3.200424156306767021e-01,5.311409521482510776e-01,4.159523213477590575e-01,6.445576266977844915e-01,1.097365489203272038e+00,1.253421851610417637e+00,3.410689271110166620e-01,5.277886723843812078e-01,3.026713641782042830e-01,1.380489497713517921e-01,1.620516188328542384e-01,-4.916482944306430070e-01,-1.094352121107819098e+00,-7.770255685227737130e-01,-1.019687967926263816e+00,-1.184418657500095229e+00,-9.572570104053601536e-01,-7.042411124593962457e-01,-3.908431524784861111e-01,-6.523969625371390801e-01,-5.290727182615511115e-01,-8.746876822982992961e-01,-4.245282919803215482e-01,-4.563306745525842478e-01,-1.683892182431639128e-01,1.214523637112413790e-01,7.207631205559322796e-01,8.321483025218855412e-01,8.728153214353366884e-01,5.033181677734159809e-01,7.063581649187460343e-01,6.820741251689262930e-01,5.149190121869664516e-01,3.877274361880597708e-01,-7.704098844810519653e-02,-1.666712219960186925e-02,-1.503286878267029725e-01,6.788151888898960595e-03,-2.074992815998079332e-01,-5.140353329192919318e-01,-4.722979620371655640e-01,-3.455861512959200743e-01,-2.288324758387698943e-01,-2.648616574274043067e-01,-2.258297276642501350e-02,5.965198219686761172e-02,2.902094937319278645e-02,-2.848335280393358149e-01,5.903372255892704035e-02,7.855818400133202095e-02,-1.690911659420828994e-01,-1.651627920184149945e-01,-1.313755980792508105e-01,-1.221509415478472249e-01,-1.833758762666841124e-01,-1.283146498981912326e-02,-2.592315928340659381e-01,-2.051072660326432595e-01,-2.219265400049813541e-02,-2.600032858270712177e-02,-2.409873885955099715e-01,-1.944289571199881439e-01,5.061182592703290795e-02,-1.075313744329388227e-01,-1.315714514138717206e-01,-4.934874913543935149e-02,-2.062451403201424893e-01,-1.567559593727735623e-01,-1.216668199563957914e-01,6.928263441761657246e-03,-2.481597397524410442e-01
-1.436124930256021080e-04,1.362914737513854467e-03,0.000000000000000000e+00,0.000000000000000000e+00,0.000000000000000000e+00,0.000000000000000000e+00,0.000000000000000000e+00,0.000000000000000000e+00,0.000000000000000000e+00,0.000000000000000000e+00,0.000000000000000000e+00,0.000000000000000000e+00,0.000000000000000000e+00,0.000000000000000000e+00,0.000000000000000000e+00,0.000000000000000000e+00,0.000000000000000000e+00,0.000000000000000000e+00,0.000000000000000000e+00,-1.369649558284831425e-01,-1.773218832750238227e-01,-2.991155500884672414e-01,-2.269303074199603143e-01,5.588212651893957605e-04,9.759792233411009044e-04,1.625193485874713547e-03,1.065550437051361876e-01,1.750723275299932991e-01,2.732864775934519264e-01,1.809057366082055529e-01,4.154497753887566036e-01,3.236915999259410981e-01,1.888556187040427159e-01,2.317542814639377002e-01,4.628340074992011166e-01,3.611507624519267878e-01,2.408173623292145793e-01,2.717749311515226252e-01,1.968572026868813385e-01,-1.039574862674112476e-01,-8.105445037863892588e-02,2.523766377277566475e-01,5.904373682313510674e-01,3.773778867053953490e-01,4.574102586379017454e-01,5.537458209369565676e-01,2.782739852442140949e-01,4.478303971754804547e-01,2.837181145065982291e-01,5.120985592996243341e-01,5.242806763283680560e-01,7.007843435160638901e-01,6.112024706517000805e-01,3.750797103098171825e-01,9.134571715589141494e-01,8.485934653708393505e-01,9.217577683636128949e-01,7.370544978199182751e-01,1.158863019560962826e+00,7.305060056352239428e-01,1.571868230489570917e-01,6.322695075449011881e-01,4.498225199822513676e-01,7.909987716039154071e-01,3.939494922464156224e-01,5.558867332107767512e-01,7.942170919347115721e-01,9.791780520496364826e-01,8.333501981873187026e-01,3.420655039583484491e-01,3.598063592481054451e-01,5.936266261660690935e-01,4.132294049534700475e-01,5.793663069063408333e-01,-6.484152428202857865e-02,-1.477189010442691020e-01,7.624686367533713149e-02,1.428617378536733151e-01,-3.889254584034249063e-01,-1.505268282468682495e-01,-3.895321138847258613e-01,-3.223784913197944024e-01,6.015258112441871363e-01,8.404789781560432216e-01,4.618248781673665038e-01,1.487578033815261103e-01,-4.180957563531179089e-03,-2.588210164793646600e-02,5.240848942015995104e-02,5.595902636895355720e-02,2.682736726961479357e-01,2.689664996419887100e-01,1.736589582586305913e-01,2.223563435628932994e-01,2.422599775640014719e-01,4.184464745025195248e-02,5.211013446167665764e-02,2.475261151882861832e-01,3.832064939576947382e-01,5.747678903699166703e-02,-6.562857389080017922e-02,-6.275390904974699480e-02,9.612427044971758039e-02,-4.432927379066022022e-02,-1.028565249745132665e-01,1.750424972340879765e-02,1.043196646510932968e-01,1.077232939479333407e-02,3.344248649348105507e-02,-7.076675826598474717e-03,1.076019434816284925e-01,-8.306116134907395865e-02,-4.198849035761283155e-02,-1.476083194733578408e-01,-1.253441296930825899e-01,-5.064796086052386626e-02,-5.130082764111831839e-02,-8.897458194232923945e-02,6.749309709920818523e-02,1.080487129242134747e-01,-1.149091445756850738e-01,-1.577485228654489646e-01,-4.691229261514288235e-02,6.542974708321633304e-02,1.199667402113198909e-02,4.626798963653908081e-02,4.941651290634901245e-02,-4.142489176303928988e-02
-6.427753465883426047e-03,1.087179053827799172e-03,0.000000000000000000e+00,0.000000000000000000e+00,0.000000000000000000e+00,0.000000000000000000e+00,0.000000000000000000e+00,0.000000000000000000e+00,0.000000000000000000e+00,0.000000000000000000e+00,0.000000000000000000e+00,0.000000000000000000e+00,0.000000000000000000e+00,0.000000000000000000e+00,0.000000000000000000e+00,0.000000000000000000e+00,0.000000000000000000e+00,0.000000000000000000e+00,0.000000000000000000e+00,5.297523916079768108e-02,2.860453477746702222e-01,1.377515966447374895e-01,9.347593582382801580e-02,2.909042842343903534e-03,3.329900943714722041e-03,1.193687164224423863e-02,-7.901099337192508953e-02,-9.618972916521729977e-02,-9.630180388476676512e-02,-2.052991337091242263e-01,-1.461147413685358054e-01,-5.678615832949510667e-01,-4.353097418720434653e-01,-3.000524401549942710e-01,-5.909588351525675576e-02,2.713456345468362452e-02,2.082695358176459288e-01,3.653819183399380499e-01,1.212403450552665962e-01,-1.288501757372337020e-01,-2.353157056807277936e-01,3.751003972184635549e-02,3.444452851851187436e-02,-4.978176583754548301e-01,-4.534527782970456111e-01,-2.703170263556287090e-01,-1.458028001136599805e-01,-1.257346977039832669e-01,-3.259904678542672740e-01,-4.622143142622283096e-01,-3.136806446779792923e-01,-1.648216478944307672e-01,1.079947561076534390e-01,4.720838505962630938e-02,4.161094251172780395e-02,1.828562650677543200e-01,-9.402903751121942377e-02,5.540752864541409473e-01,2.023227591937157843e-01,2.797420123382020618e-01,1.160599445063957846e-01,-2.345974667582871320e-01,-1.962500293044713573e-01,8.311468556257919915e-02,4.805672382330016257e-01,4.146936290785429025e-01,5.461522624850294605e-01,4.624625337490001487e-01,5.785622281867051075e-01,5.630045509949587190e-01,3.775036788294117152e-01,1.058344378495551796e-01,2.316434302149222579e-01,-1.584276161281899520e-01,-2.317730819399930753e-01,-5.081118665852476374e-02,6.346103586172107125e-01,5.038380956372398023e-01,6.328018688145161663e-01,1.302897140473685822e-01,2.780575537444094358e-01,5.429887345938704257e-01,1.180761248823749110e+00,2.016174776418354075e-01,-2.261144453489919992e-01,-3.883413203863348984e-01,-1.913194401963790314e-01,-3.203735260637211035e-01,-6.768372415160811562e-02,-1.279751408516133782e-01,-2.688989765980840940e-01,1.430982705603362770e-01,1.093704802602140647e-01,5.153263789066142575e-02,-1.041123296408521387e-01,-5.048979796524180608e-02,2.253142439547314857e-01,1.933788231750109832e-01,1.025645449563397232e-01,-1.626700175055630915e-01,-8.899087494004304100e-02,-8.291341819977646188e-02,-2.727098845271930805e-01,-2.090138904618344673e-01,-1.809497480258284441e-01,1.672914620903023786e-01,2.239690953554163144e-01,-5.819961293667363228e-02,-1.901412009942081427e-01,-1.136776245295099790e-02,1.525489217691484989e-01,8.399477889922234153e-02,4.963490280682546912e-02,-6.536183428113359617e-02,-2.363533432869857273e-02,-5.379570119780719556e-02,1.854693184799637851e-01,-2.604795376911639426e-02,-1.025561924590274454e-01,-7.352844881199296911e-02,5.279910356293536500e-02,-1.632308490225579112e-01,-1.005944945745937680e-01,-1.080602838204716420e-01,2.886798801501666567e-03,-5.271403638239545442e-02,-1.097840987523676926e-01,-4.335427742447293259e-02
-3.376161942890320428e-03,1.536998491797140261e-03,0.000000000000000000e+00,0.000000000000000000e+00,0.000000000000000000e+00,0.000000000000000000e+00,0.000000000000000000e+00,0.000000000000000000e+00,0.000000000000000000e+00,0.000000000000000000e+00,0.000000000000000000e+00,0.000000000000000000e+00,0.000000000000000000e+00,0.000000000000000000e+00,0.000000000000000000e+00,0.000000000000000000e+00,0.000000000000000000e+00,0.000000000000000000e+00,0.000000000000000000e+00,7.936814679376244519e-02,-1.666410838299702546e-01,6.647468064676820450e-03,1.638705939783647314e-01,2.030444853792316012e-02,8.424631854335822706e-03,2.415727374238698516e-02,-5.322252379175802794e-02,-3.014861928026719151e-01,-2.396956865446690788e-02,-2.438736646537507657e-01,-2.294793388363240705e-01,-5.752653248435954936e-01,-1.637249229914143067e-01,-2.630017309034539119e-01,-7.552363073033209473e-02,-1.118674451827392086e-01,-2.164085979533543203e-01,-1.133368569017673411e-01,-9.900150657814141275e-02,-2.173171552843700116e-01,-6.941307262200931139e-02,5.696006370427815491e-02,-3.053576564604790211e-01,2.191725257014465536e-02,4.054977873008174666e-02,1.994318401042934341e-01,2.122428269022581804e-01,-3.268005525263227296e-01,-1.722289758428251494e-01,-1.319196671111636521e-01,-8.588415559043385827e-02,3.744297421676784365e-02,9.442989576424605513e-02,-2.479686603782778054e-01,-5.775410385116379608e-01,-5.939955765528732723e-01,-6.142275988438608003e-01,-5.592232055793924239e-01,-4.710136636281582190e-01,-3.987457007826740729e-01,-2.455972459547398068e-01,-2.980449906865986209e-01,-1.055811003219030708e-01,4.119160705401049560e-02,2.494361084112155236e-03,3.833640419353682716e-01,-2.005808018128505399e-01,-4.270218947025583578e-01,-1.137996698450711996e-02,5.747336909574158881e-01,3.002174500022655179e-01,6.170799617732605213e-01,8.871586883782685007e-01,5.748320042699991417e-01,1.812926712544830621e-01,9.365715280018277467e-02,3.586140905122008338e-01,5.537890631728574764e-01,9.375436796283558305e-01,6.638689149925793842e-01,6.085346960905028135e-01,9.169263595342554973e-01,3.405497173766654506e-01,-2.706503126537287418e-01,-5.105771305964037499e-01,-2.005125323494565959e-01,-1.969784456365461234e-01,-2.528058808920150002e-01,-1.733970992640098685e-01,-2.187929181503439624e-02,-2.266592323889558003e-01,-2.014846949143552779e-01,-8.203130460762624032e-02,-5.595233518877815865e-02,-2.124531502098259694e-01,-2.603625472789835582e-01,-2.970200935166017464e-02,1.664999641472816178e-02,3.351665258188697982e-01,1.838506041059713714e-01,-1.517548217728751647e-01,-1.187886491672506262e-01,-1.198074684224450376e-01,-1.692760697216460775e-01,-3.224787702583659099e-01,-8.014702966521854155e-02,8.596157748446361935e-02,-1.106903990571273533e-01,-3.200475451954418737e-01,-1.226400205590781334e-01,-8.885622271376308889e-02,-8.607175154358753799e-02,-1.392396143991186941e-01,-1.601101761995424033e-01,1.002259748426746200e-01,1.866666006280806311e-01,1.144035377631142519e-01,-1.891531023349745932e-01,-2.549293566971032599e-01,-4.794784666114376009e-02,8.808441556589730048e-02,-9.060508171476300276e-02,-5.454350416361861131e-02,-8.701759804427705580e-02,-1.393008026774123498e-01,-1.817116840860007465e-01,-3.422428713411874296e-02,-1.066578016573878074e-01
1.474870773669557759e-03,1.240673756565567653e-03,3.146249334995989372e-40,3.146249334995989372e-40,3.146249334995989372e-40,3.146249334995989372e-40,3.146249334995989372e-40,3.146249334995989372e-40,3.146249334995989372e-40,3.146249334995989372e-40,3.146249334995989372e-40,3.146249334995989372e-40,3.146249334995989372e-40,3.146249334995989372e-40,3.146249334995989372e-40,3.146249334995989372e-40,3.146249334995989372e-40,3.146249334995989372e-40,3.146249334995989372e-40,1.177257438973475104e-03,3.267701591167675168e-03,3.481631455593423453e-03,1.594840723020604038e-03,1.661897687572804101e-03,2.206838380417621478e-03,1.618590733781124233e-03,1.937339168964517019e-03,6.815031958821319256e-03,3.218315813001324053e-03,6.684432045825670216e-03,1.654582539822016659e-03,1.244926628570949129e-03,9.623301929545777277e-04,6.571289325935295153e-04,1.002360234211661233e-03,2.138035039060068917e-03,2.910352517275366802e-03,4.161640421078565549e-03,1.560766502863274998e-03,1.300284358651998366e-03,1.185564336854165934e-03,1.454665966410954251e-03,4.492683802156273616e-03,1.166598164252172221e-02,5.162225554040177989e-04,1.031563938590845074e-02,2.328495608408716940e-03,3.545707955859985720e-03,2.534215798544526329e-03,2.898387670241471363e-03,4.631871046971921223e-03,4.343082908332956439e-03,2.782366722585601256e-03,4.111514788794911474e-03,1.931872704518295542e-03,5.780397506402897533e-04,4.865670803833755526e-04,3.773214815663663343e-04,1.721453837291340820e-03,7.027463227810146684e-04,7.039268962745347420e-04,1.363668539709502522e-03,5.028682972231508872e-04,8.694127564491436295e-04,1.406619948397016531e-03,1.373257445415534657e-03,6.923177309753253189e-04,1.957875098341029310e-03,6.339822359549016594e-03,2.640727748496064786e-02,8.599340516705362980e-03,3.601747970561367581e-03,2.443942015394886483e-03,4.880337587420248077e-03,5.704804297431861210e-03,1.574620192881852343e-02,6.293237457084688161e-04,5.727984432353457923e-04,1.184458786951781106e-04,7.974924501843592061e-04,1.672613993831327875e-03,1.996804414019046937e-03,1.486772634460515295e-03,3.150021928217472747e-03,8.691781295091712337e-03,1.677365817432207099e-02,1.742560860055764396e-02,1.873008736634860019e-02,8.107046807290112928e-03,5.756201911802721720e-03,3.280865327011667741e-03,3.966168211413034599e-03,4.765889408134073996e-03,2.927078965646087022e-03,5.446259591568373450e-03,7.154922468737125694e-03,4.042084182690358109e-03,6.915922589912286249e-03,5.120701845203799382e-03,3.895579800270015762e-03,1.303092096888102715e-02,1.184843130081526634e-02,1.240707199659991065e-02,8.886249925414030706e-03,8.224188386526602723e-03,4.140515979888428205e-03,3.922253413081018721e-03,9.047108369720145010e-03,1.120161713672756035e-02,3.776768843765073227e-03,2.690866311062182614e-03,2.551750581108086762e-03,6.084169218420771436e-03,6.946749626914142453e-03,6.264784830974340357e-03,5.573345548691567390e-03,9.835620687657925174e-03,8.401859549654172241e-03,4.489317401634070233e-03,5.077169939821868198e-03,4.079641354907424800e-03,4.978014971381722678e-03,6.653254361173667301e-03,3.451408624669999314e-03,9.201192571760880359e-03,8.399622399299838671e-03,7.946927573633296576e-03,1.080785686936364641e-02
8.261449967552598290e-04,1.013027195727848537e-03,2.505100248639583203e-37,2.505100248639583203e-37,2.505100248639583203e-37,2.505100248639583203e-37,2.505100248639583203e-37,2.505100248639583203e-37,2.505100248639583203e-37,2.505100248639583203e-37,2.505100248639583203e-37,2.505100248639583203e-37,2.505100248639583203e-37,2.505100248639583203e-37,2.505100248639583203e-37,2.505100248639583203e-37,2.505100248639583203e-37,2.505100248639583203e-37,2.505100248639583203e-37,1.225321245454970938e-03,3.151003174390330178e-03,3.086579788200998278e-03,8.959075372321821749e-04,1.742058330128008585e-03,1.826092013010657518e-03,1.168498114355065150e-03,1.329558635797085117e-03,5.571526885386473595e-03,2.847780725544061305e-03,6.158009596090607309e-03,1.849005545451886702e-03,2.822304611447480193e-03,2.943438865398427442e-03,2.132114238808560224e-03,2.621639287449033153e-03,2.745645742560021835e-03,1.328527438801276918e-03,9.134919855760414596e-04,2.532455787989399288e-03,1.593466443464287190e-03,9.455674539408440290e-04,5.082741196847538265e-04,1.880851890859091798e-03,4.446592040556503547e-03,1.812836373817182248e-03,5.963771832809884078e-03,6.249841653360041971e-04,3.796557947193484554e-03,1.454116024670472785e-03,1.428774092342312459e-03,2.463665745024093499e-03,2.255257354037859454e-03,2.018543104406114209e-03,3.134589159656531610e-03,1.841631850049122061e-03,5.626115540067538542e-04,2.425857925422632310e-04,3.341801628113548949e-04,1.442653473446804994e-04,4.588093026197816822e-04,2.347184157467927575e-03,3.232323574848619280e-04,1.124325328634775013e-04,5.041149450994722664e-04,4.734396387782415427e-04,4.228765113824220121e-04,3.076380406837927041e-04,4.520251139127931701e-03,2.733023581021268994e-02,3.902269955756648701e-02,1.334868112506476870e-02,1.235904736362588869e-03,4.431888166657110351e-04,1.170433338934366487e-03,9.384866010721134005e-04,2.276509067748073989e-03,1.015129461971520531e-03,6.922816874772474332e-04,3.988436570421131840e-05,7.752088179584824086e-04,1.105732464113295000e-03,2.685470167633956327e-04,8.314083985090023332e-04,2.853820839222754625e-03,2.162947554254838339e-03,1.009374870308828425e-03,8.790511505253765026e-03,4.593225495829141025e-03,4.656395324772410159e-03,1.006649435679262197e-02,3.346620040882300386e-03,1.597390469124636237e-03,2.919923268540060030e-03,5.070819132551872971e-03,3.944910357036346057e-03,3.439133785159636126e-03,2.888657862930244825e-03,2.646903558569386420e-03,7.159379168881300874e-03,8.946596570026060444e-03,1.082370376766923770e-02,1.431811370235385079e-02,2.824996957266267400e-02,2.719710257569364284e-02,5.910479189696293996e-03,1.773244263474553798e-03,4.572148585736915405e-03,4.111695434738430431e-03,2.818057674336329511e-03,2.778537079034284086e-03,1.689448303547726312e-03,1.485704518083228462e-03,1.557045932727574604e-03,3.381834445511882822e-03,3.189943925417916982e-03,1.180410244400895148e-03,1.747326954963648524e-03,1.366668187730440487e-03,2.262372571500344785e-03,1.705739440095635452e-03,4.706578564286488520e-03,1.143164163490140162e-03,3.686933291252256564e-03,9.968034549644099948e-04,2.621970331282258079e-03,3.881352117971697754e-03,9.322172503175629515e-04,3.891686818645248482e-03
2.174774545764113134e-03,1.809790158659864683e-03,6.043513850051502204e-35,6.043513850051502204e-35,6.043513850051502204e-35,6.043513850051502204e-35,6.043513850051502204e-35,6.043513850051502204e-35,6.043513850051502204e-35,6.043513850051502204e-35,6.043513850051502204e-35,6.043513850051502204e-35,6.043513850051502204e-35,6.043513850051502204e-35,6.043513850051502204e-35,6.043513850051502204e-35,6.043513850051502204e-35,6.043513850051502204e-35,6.043513850051502204e-35,1.838238053844190242e-03,5.901078876987930332e-04,5.633891808286575721e-04,1.390865275165293138e-03,2.889464932792859455e-03,2.023571249121062371e-03,9.816473181593707992e-04,2.831969090534444677e-03,9.705710284210833025e-03,3.775564514025401587e-03,6.939181627953872923e-03,1.227317636551705955e-02,3.019471468534059774e-03,2.076900571789053185e-03,2.255298631267340682e-03,1.190791372930203283e-03,2.854181711027743533e-03,2.425401984770401281e-02,3.571121607069848575e-02,6.949343273964501966e-02,1.559382883060288954e-03,7.018115909369656950e-04,7.244487834751480804e-04,2.486255111825843439e-03,1.255275013902388929e-03,1.197942449203900006e-03,2.415050927114166870e-03,4.633933131869763392e-04,1.937564019383206755e-03,3.843232889734650567e-04,6.363811015665107266e-04,7.020109663457998030e-04,2.366610766520509720e-03,2.555099558186780129e-03,5.108912458763677396e-03,1.390702708533494633e-03,1.186643049258602435e-03,6.175494173172510742e-04,6.260793556825973959e-04,2.869691547064885315e-03,7.236388669143187322e-04,1.367576863469457948e-03,2.426504414657216341e-04,1.934508534684667295e-04,7.203274558156563681e-04,2.427384646217015541e-03,1.904393757699978816e-03,4.997086413525441730e-03,1.007422280537668448e-02,1.256958754714355975e-03,1.741884637609549761e-03,2.223987743017912140e-03,4.706324614077637275e-03,2.549349984460856384e-03,1.475222558422379510e-02,1.321298671256072588e-01,3.681856726723672230e-02,2.126588816580263046e-03,8.109022876705375199e-04,1.999601246120819682e-04,2.145716970060598024e-03,2.709588798027416472e-03,3.720607031393621767e-04,3.398970605944042628e-03,1.779908023966552235e-03,8.127139545848884126e-04,1.558255654575082215e-03,2.085744504420383987e-03,1.764611544292853107e-03,1.653389770698098556e-03,3.975099324941410751e-03,2.545741415785684331e-03,2.608773482283953653e-03,1.775665298565013046e-03,6.141274465570633646e-03,7.556731189094128935e-03,5.198258905245545930e-03,5.526028325000780297e-03,6.685857702511578335e-03,5.174537879819292828e-03,4.519652650900635345e-03,4.314505061317632992e-03,9.764782090688305452e-03,1.087170147881949371e-02,2.999746187853077548e-02,1.416093081842843132e-02,9.047560918806112421e-03,9.543446855833978906e-03,1.094721253730172005e-02,1.281431333039411737e-02,1.277234745149323329e-02,1.104117520996143742e-02,1.516898281033275328e-02,1.752252586940128420e-02,1.782200887272277975e-02,7.820439212592280795e-03,8.992943740243333414e-03,5.575934325914828384e-03,1.473838932968278385e-02,8.897104685132323568e-03,6.183071710988413162e-03,1.459788514739458753e-02,1.358832352639704859e-02,1.448857317113245828e-02,5.374685890525724048e-03,8.716711711016999001e-03,9.194977443771559442e-03,8.542456905680138879e-03,1.561584307173502321e-02
1.293777541584658058e-03,1.240673756565567436e-03,1.178898841331976003e-36,1.178898841331976003e-36,1.178898841331976003e-36,1.178898841331976003e-36,1.178898841331976003e-36,1.178898841331976003e-36,1.178898841331976003e-36,1.178898841331976003e-36,1.178898841331976003e-36,1.178898841331976003e-36,1.178898841331976003e-36,1.178898841331976003e-36,1.178898841331976003e-36,1.178898841331976003e-36,1.178898841331976003e-36,1.178898841331976003e-36,1.178898841331976003e-36,7.154190657139958926e-04,1.398860339877641907e-04,1.827815722829975449e-04,7.188648127012988841e-04,2.480573999066957875e-03,2.624610475222909946e-03,1.522775733480694667e-03,2.218687074797729645e-03,8.307963760916371385e-03,5.020273527888782610e-03,4.037640424111687935e-03,5.011240229537747455e-03,1.799213572968868559e-03,1.963353139651553923e-03,3.320053132747248417e-03,7.115198910507666754e-04,7.848238966137595710e-03,2.441477898051340814e-03,5.951424071292937129e-04,9.276885512996820710e-03,8.052635485331026931e-04,8.587497055369069064e-04,8.507555337394759245e-04,1.373909568901948534e-03,9.442277058323865274e-04,8.866498062306436487e-04,2.072636344125287390e-03,7.793651265774751346e-04,8.101614374436748138e-04,4.455417131182117614e-04,4.725087722563606489e-04,6.601325200005674684e-04,1.837353723885430667e-03,6.862397940126911547e-04,3.013788252556882409e-03,3.136462642778804072e-02,2.755613917028534345e-03,4.671014428439277527e-02,7.441405397161525437e-02,1.280667621670603974e-02,6.925502088363819087e-02,1.906815392530799170e-03,2.285648205658431949e-04,2.126487901887288089e-04,7.597026961105135361e-04,1.706983864219869087e-03,8.719994195472282683e-04,2.122797846382082701e-02,1.288363545821716652e-02,1.771724332719176991e-03,4.001558113015534976e-03,6.416837936757775751e-02,4.029311639556915070e-03,2.966934041335445547e-03,3.234467382666858515e-02,4.838394898106575248e-02,2.026421390501952080e-02,3.776941808712227632e-03,2.150742012459581735e-03,2.939645933050895397e-04,4.379648381431520791e-03,3.895156564957493427e-03,5.989902106799954587e-04,5.375627326226807296e-04,3.282523234116703319e-03,2.264353663328244528e-03,5.565196870632209891e-04,1.846377226011947830e-03,2.300819680077205876e-03,2.519136233399305036e-03,2.332550802252517531e-03,4.530119468922856260e-03,3.003069374998256977e-03,3.680510642355971050e-03,6.144671955561985428e-03,4.860490660837359089e-03,3.086051332656390093e-03,2.230250356122494369e-03,3.673997268041381218e-03,8.676564759594147455e-03,7.814984249328279023e-03,5.006824437457291742e-03,6.510135746398821449e-03,5.854517096387767613e-03,7.426101678317538479e-03,1.780087033114927803e-02,1.113941591909374182e-02,6.784129466689309447e-03,1.618154409172031100e-02,2.533293931179632016e-02,5.313673213174665080e-03,6.282165990564482147e-03,7.756464881350875334e-03,7.782603709650557852e-03,9.171948424413146200e-03,1.003831348589308801e-02,3.493088941198992537e-03,4.042665180768121799e-03,1.188636689954497734e-02,4.774742925701103667e-03,3.785377006216434411e-03,4.879644258978290891e-03,2.988525076451452496e-03,8.051208255941195990e-03,1.185284371973256180e-02,1.947534510842820546e-02,1.111867856993953990e-02,6.738203761763998136e-03,8.566773766602165177e-03
1.560643230323730587e-03,1.354497036984426885e-03,1.130990564190215099e-36,1.130990564190215099e-36,1.130990564190215099e-36,1.130990564190215099e-36,1.130990564190215099e-36,1.130990564190215099e-36,1.130990564190215099e-36,1.130990564190215099e-36,1.130990564190215099e-36,1.130990564190215099e-36,1.130990564190215099e-36,1.130990564190215099e-36,1.130990564190215099e-36,1.130990564190215099e-36,1.130990564190215099e-36,1.130990564190215099e-36,1.130990564190215099e-36,1.783168035901697536e-03,1.746787669070697742e-04,1.959410900360466113e-04,8.034088346633585327e-04,1.365232483226063841e-03,1.974676954316165016e-03,8.434695136394856647e-04,1.549965607778647659e-03,6.039743246668201684e-03,3.822149268233513905e-03,1.950400622466610511e-03,2.002977162011712609e-03,1.518655900888328178e-03,2.294110042096514888e-03,1.225190828349403526e-03,1.294235501058569986e-03,1.472322885512335634e-03,2.717141375439810491e-03,4.066104897703811533e-03,5.901231071070300524e-03,1.652213941804023473e-03,1.085924877983376804e-03,4.889912212425261790e-04,2.741789462819801265e-03,1.017106212754603691e-03,1.925914014490210388e-03,4.620967184680314574e-03,6.169001083766420361e-03,1.009931200624099084e-03,4.005633718938108245e-04,3.308450108124195033e-04,6.329447127667377519e-04,1.565307053119713212e-03,6.071454284218866324e-04,3.417096240586796254e-03,3.675349111664503662e-03,2.310412858262079344e-02,1.077808683899241816e-02,6.147293926633035132e-04,4.715734622338617343e-03,4.176005734004207236e-03,1.083457771343949126e-03,3.875279672896894591e-04,3.018988301683044767e-04,8.144282478130438103e-04,3.056997353793851954e-03,4.038960016954617474e-04,3.278742067930409416e-03,4.248200395559856182e-04,1.154827410200497031e-03,8.736183477573884748e-03,2.517305512067908799e-02,4.509293080948439947e-03,1.388402917325298400e-02,6.075995493120923269e-02,3.854138541898622511e-02,5.788989741217546135e-03,3.373743795663024930e-02,1.791798004705552616e-02,2.368627865423693010e-02,2.879475846248749984e-02,1.207161439272927683e-01,2.286170546264250369e-02,3.195918761362836341e-03,9.556890795920931336e-04,7.419734929925236953e-04,3.463667566609774425e-04,1.356588417910754331e-03,1.543903514465823574e-03,1.715548802932860507e-03,2.112240794336887103e-03,1.732135653538652981e-03,3.087621824693901739e-03,1.850039499304472488e-03,3.929412062600359974e-03,3.763498416326404878e-03,1.596148875621126312e-03,1.580284341552999367e-03,2.614776464568679178e-03,5.369482473725491201e-03,9.283730322988036077e-03,8.685896029927281381e-03,6.799450232478947836e-03,1.170803980489155439e-02,8.001240249644452421e-03,1.587897352130606884e-02,1.013950386153588193e-02,9.876691090128878261e-03,6.468081872762693370e-03,6.192084182352089634e-03,1.003563523525230310e-02,7.067852331151542288e-03,2.223542864972759877e-03,2.366063730392455131e-03,3.923801285135353895e-03,7.764620269237122903e-03,2.838927205004495788e-03,4.153608698739083560e-03,3.242186742436921169e-03,5.286277850854345997e-03,6.995195250990754281e-03,1.366830881956603017e-02,1.309916887044459445e-02,6.713704819518346439e-03,8.054746042695687044e-03,1.944924508984184619e-02,2.325200469674908524e-02,4.097180998595213210e-03,2.781356202460751742e-03
1.583277940339283775e-03,1.240673756565567436e-03,4.761105219211184972e-40,4.761105219211184972e-40,4.761105219211184972e-40,4.761105219211184972e-40,4.761105219211184972e-40,4.761105219211184972e-40,4.761105219211184972e-40,4.761105219211184972e-40,4.761105219211184972e-40,4.761105219211184972e-40,4.761105219211184972e-40,4.761105219211184972e-40,4.761105219211184972e-40,4.761105219211184972e-40,4.761105219211184972e-40,4.761105219211184972e-40,4.761105219211184972e-40,8.827161662295678404e-04,7.676134163959636597e-05,6.946752600967898757e-05,1.115571974858738102e-03,1.695614359843641014e-03,2.256433002423279856e-03,1.329191911316366737e-03,8.623408801794118454e-04,3.990433840848052471e-03,4.470888038306428461e-03,2.097335585678175747e-03,2.215820224253267287e-03,2.140433098664717201e-03,1.288005710099619132e-03,1.453254897733257051e-03,1.515852893242588227e-03,1.389065147528042608e-03,2.110312754424958741e-03,1.524174376460920265e-03,1.748966612190020701e-03,7.836097323662726596e-04,1.077768335738612691e-03,9.971296469511879614e-04,2.624825074333683207e-03,9.135048192312356791e-04,2.952550781884770437e-03,9.353033699837554407e-03,1.640654689232739702e-02,9.996071259843685667e-04,8.466518610098935048e-04,6.265514537196175803e-04,7.429648320821567948e-04,1.591356069608652326e-03,1.177762943536411278e-03,4.023264445546344964e-03,1.973421217583243032e-03,5.021168300385287289e-04,1.040422743102771856e-03,3.615279178751235598e-04,2.375265353906171831e-03,1.181049170980403868e-03,1.394389932953033189e-03,8.412725195103260391e-04,2.571381461867376455e-04,1.307283246957876470e-03,5.899692592254886410e-03,1.925889542178402594e-02,7.983146839197473657e-03,1.419843277856884696e-03,6.785288350941156774e-03,2.626701820939356807e-02,5.476761300877566914e-03,1.061758924507411883e-01,1.332609403718497676e-01,4.201259286514644892e-02,5.965380008997844125e-02,4.717988807974395939e-03,1.216823783582211549e-01,1.548902924251367996e-01,7.230286484441202088e-02,9.403784676256786434e-02,7.346517748174724582e-02,1.009808250503318044e-01,5.100436743925315652e-02,1.862039687644705295e-03,4.038558294220934001e-04,4.990894039402205516e-04,1.734150236197861674e-03,2.565954651573088951e-03,4.084774047091298092e-03,8.373463165404040551e-03,5.266612705057616833e-03,1.466472126491802624e-03,1.688943130139364604e-03,1.837995213818545371e-03,1.780856865679004541e-03,4.740656612803016874e-03,6.646378308159037011e-03,1.045686742234339800e-02,7.984862390344796973e-03,4.311303469816007983e-03,2.179157809227239180e-03,4.453928696218333212e-03,1.426484711170662506e-03,5.326129666194325159e-03,1.019894909234272430e-02,1.159489241958945767e-02,7.633752067341032649e-03,4.784159935669403570e-03,4.682361332316831506e-03,3.222756420955556669e-03,2.494334557793936435e-03,4.338630354625313927e-03,2.264125524810717965e-03,9.258626018735538130e-03,5.602269503829866715e-03,2.436829299060185635e-03,2.136428714184811662e-03,3.940920921939034330e-03,3.407309723313277187e-03,3.126167259040018610e-03,2.865854533035552473e-03,3.005385525648506233e-03,3.081449076538770974e-03,3.454411112291463568e-03,9.851975439257296130e-03,8.376852460138238879e-03,7.740778122234948100e-03,6.132805006952199954e-03
1.993484950269942130e-02,3.222999016395181049e-02,1.666666666666666574e-01,1.666666666666666574e-01,1.666666666666666574e-01,1.666666666666666574e-01,1.666666666666666574e-01,1.666666666666666574e-01,1.666666666666666574e-01,1.666666666666666574e-01,1.666666666666666574e-01,1.666666666666666574e-01,1.666666666666666574e-01,1.666666666666666574e-01,1.666666666666666574e-01,1.666666666666666574e-01,1.666666666666666574e-01,1.666666666666666574e-01,1.666666666666666574e-01,2.497703679324915840e-02,1.247812527797302227e-04,1.469703836195844059e-04,2.297171323518399765e-03,4.489769329259020447e-03,9.356775335785386810e-03,2.085951651093954570e-02,4.188347633827468192e-03,7.706096059492591362e-03,3.536075857976077839e-03,2.351678875199275740e-03,5.740473815810375260e-03,5.653717602957747043e-03,4.091096637623675009e-03,4.749931562118131327e-03,3.559766457332980312e-03,5.965168219433047980e-03,1.145106933644178121e-01,9.756814653003843818e-02,1.514245955478031418e-02,9.564004549886839270e-04,1.209077697509151591e-03,1.565740874101038222e-03,3.216467322881747578e-03,6.840020718865176411e-04,1.931988408284723239e-03,9.393739742066961607e-03,2.757413228867837234e-03,2.490956111801202310e-03,3.918145754221378217e-04,6.509774602641110698e-04,8.543654658101237052e-04,3.178222820786124041e-03,1.363480722887023492e-03,5.232847617555423138e-03,2.494344217198630077e-03,8.645909960047548420e-04,1.204950986593945200e-03,9.098593592094522805e-04,1.060330166866326265e-02,1.747336414425372866e-03,1.763784591740073836e-03,8.228672757096862226e-04,5.891273551633739161e-04,2.582251864311064377e-03,1.683736826710871201e-02,1.147710751505805343e-01,1.083146596370968689e-02,1.256855834352344457e-02,7.131811749822579427e-02,3.220017963874596822e-02,1.956422196516276191e-02,6.603980547446101912e-02,6.082995996052889542e-02,3.330440671605051917e-02,4.185678637422136743e-03,1.055198919907819784e-02,4.819540479373936315e-02,6.291749472786439465e-03,7.930419023859541262e-04,3.590885822999711173e-03,7.174524920290970866e-03,3.419389910150749581e-03,4.842960355352995960e-02,1.499982128570198116e-02,6.278625228498817441e-04,1.559492735863056683e-03,2.620304386575221869e-03,2.806659679624184597e-03,4.660534926489855352e-03,5.375212603867344022e-03,3.634345354767829460e-03,4.079165217281818454e-03,3.687737091567033863e-03,4.227826755473754368e-03,4.122356344844573667e-03,3.593610799683838366e-03,1.046856293130372928e-02,3.412981227949314200e-03,5.151657273315804475e-03,2.579324719564755029e-03,3.687516917203818596e-03,8.074655956432490525e-03,3.619807521197601630e-02,2.037761132001368949e-02,1.388624177516161427e-02,2.884328916261350712e-02,2.807572767579149739e-02,3.333886138221388296e-02,3.206874891967484431e-02,1.866179904767066230e-02,1.920941635843828252e-02,1.660776621942917572e-02,2.727865589884964290e-02,1.978812450931375852e-02,2.708850136071960790e-02,2.660814834437757667e-02,2.337364630112272537e-02,1.551777200166165258e-02,1.476581454144171301e-02,1.311842673615588699e-02,1.276717250221292947e-02,1.080919096802593175e-02,6.509897377767126340e-03,1.689819708633867948e-02,2.198410349816830658e-02,2.795598700309578216e-02,1.766722457462364948e-02,2.258232165061030416e-02
1.208143698294237385e-03,1.013027195727848754e-03,1.574678663598818493e-37,1.574678663598818493e-37,1.574678663598818493e-37,1.574678663598818493e-37,1.574678663598818493e-37,1.574678663598818493e-37,1.574678663598818493e-37,1.574678663598818493e-37,1.574678663598818493e-37,1.574678663598818493e-37,1.574678663598818493e-37,1.574678663598818493e-37,1.574678663598818493e-37,1.574678663598818493e-37,1.574678663598818493e-37,1.574678663598818493e-37,1.574678663598818493e-37,9.940731170148425257e-04,2.533233287964975836e-04,3.074761687717336169e-04,1.477567063597698014e-03,1.584075314993517924e-03,1.732730215870405786e-03,1.645505539737493429e-03,1.172844873344726759e-03,3.439982779697955788e-03,2.368939004211275453e-03,1.976628145054028490e-03,3.414319936116468057e-03,8.377883647423067879e-04,1.872491061998003302e-03,1.099190699468124803e-03,1.934599767434777790e-03,8.258692947101833578e-04,4.249624080220439689e-04,1.835401296421516632e-03,1.940394740165814506e-03,5.395149035592530784e-04,3.018059908046546828e-03,8.037283006624317732e-04,7.444566373512381948e-04,3.311434834333817022e-04,2.723417874666441384e-04,1.514288194830936242e-03,6.520118336569685194e-04,3.476521517252853825e-04,1.711393032170899480e-04,1.139136742851205961e-04,2.569848789924357273e-04,5.773524691178828295e-04,5.726012384923534178e-04,8.456523702058007077e-04,1.063803648975894609e-03,5.566310010933713014e-04,7.681427244165292371e-04,5.898755076710150485e-04,8.330650333084575754e-03,5.048782586323901896e-04,3.810915404792657407e-04,7.479150700020365677e-05,7.826477628064551300e-05,3.171401446933126591e-04,2.825433570827853326e-04,9.181217737988758734e-05,7.106686482218722498e-03,2.319052587212009145e-02,1.381268678936909376e-02,3.305420618972810826e-03,1.150793145829598352e-02,2.800395963942240492e-03,1.874454800066566607e-04,1.763820867736158246e-03,6.341129813250853632e-04,3.316378144592355376e-04,6.803792405917892744e-04,9.252487431376705835e-04,1.662735698235643766e-04,1.263148955430875870e-03,7.959005797454632176e-04,6.358492926276490716e-04,2.514628746398376094e-02,1.342102944394097178e-02,3.397745418050277747e-03,8.042447968507625321e-04,2.074555715803613927e-03,3.619608051323800206e-04,4.710034435641713988e-04,4.932889652714076562e-04,8.272506491369688644e-04,2.956002855615512577e-03,2.515012420110603920e-03,5.640718219292377954e-03,1.288114237388145308e-03,8.772339004042627869e-03,2.104613006826699766e-03,2.871033961326491767e-03,9.593561411891688307e-04,7.074075749519444104e-04,2.470602652362979736e-03,6.271221891600912458e-03,1.026630255665765545e-02,3.076814090813932093e-03,1.546042772450556503e-03,2.877041817465347470e-03,2.192233643515631002e-03,7.691113763181132296e-04,6.540544543514739207e-04,5.864405781036315102e-04,1.902988989143939054e-03,1.149183832113450862e-03,1.112414924689376873e-03,1.511726747077989878e-03,2.232480235861618659e-03,4.980074365919459362e-04,1.043259057180422229e-03,1.535854816816811796e-03,6.768654268172070304e-04,1.560339288426376312e-03,2.183197439119128214e-03,3.091288887011286231e-03,1.531950106298118550e-03,4.049049680645268323e-03,1.672398328796082662e-03,8.770086056550334798e-04,1.479335408219666212e-03,1.593508544930460772e-03
1.064590319499891411e-03,1.149615132230479920e-03,4.850873041491046088e-39,4.850873041491046088e-39,4.850873041491046088e-39,4.850873041491046088e-39,4.850873041491046088e-39,4.850873041491046088e-39,4.850873041491046088e-39,4.850873041491046088e-39,4.850873041491046088e-39,4.850873041491046088e-39,4.850873041491046088e-39,4.850873041491046088e-39,4.850873041491046088e-39,4.850873041491046088e-39,4.850873041491046088e-39,4.850873041491046088e-39,4.850873041491046088e-39,1.401918359763942206e-03,1.256391904872734236e-04,9.273292556936685608e-05,1.857179132281045852e-04,1.779945504085972841e-03,1.970767309702805507e-03,1.247298265843856026e-03,1.801408319316636936e-03,4.388343676753174612e-03,4.079637236362611448e-03,4.402371478395732726e-04,1.466769956808292464e-03,1.277766243593912677e-03,1.306634123771822963e-03,4.319701869868918984e-04,1.344976368550156003e-03,1.133896408394214619e-03,1.926871537945432696e-03,2.429847523557497873e-03,1.431243417351867053e-03,8.250894119502490739e-04,6.350045770279184962e-04,1.620030124786040826e-03,1.373686719741557850e-02,1.663835927513243086e-03,8.171062675247410274e-04,1.994608476554689258e-02,4.991065558708509403e-03,9.063955397085694463e-04,2.687197308126687903e-04,7.289125558157427860e-04,2.232838679257231093e-04,1.839596242966775111e-02,2.590373155401927852e-03,6.289162139155457174e-03,1.200230288409794011e-02,6.293022417332133807e-03,2.772163126680649015e-02,5.219612655478330504e-02,4.289069613280545312e-02,2.154790893213124128e-02,1.167762442559836574e-03,1.436119815381789238e-03,1.695073625919666423e-03,1.583282186314305048e-02,6.861673190456270277e-02,7.293730536905847217e-02,5.386092087207052653e-02,6.056669845004068742e-02,7.131353034147823455e-03,1.129359893905601021e-02,1.600161033966742558e-02,1.657511232640047211e-02,7.478786186833962868e-04,1.967862447181009319e-02,1.019748144299432654e-02,3.764523180220100216e-03,2.349515371366447947e-03,3.895632256657502110e-03,1.476476064485639271e-03,1.725004749432379036e-03,2.166764266551610921e-03,4.216466903554265465e-04,8.652549399962284477e-03,4.353659791126398421e-02,1.960124557732286638e-02,4.596276742428172268e-04,1.612162754924802242e-03,4.839893283752324214e-03,2.631851615871208788e-03,4.939759941088313344e-03,2.838475920367678363e-03,1.162652202656822226e-03,2.102470135169018286e-03,5.287071373668084280e-03,2.132690331832926608e-03,4.878225349029976718e-03,2.715320158080423551e-03,3.989368260913333554e-03,8.277492829892344958e-04,5.044664795312816391e-03,2.728922270349491003e-03,1.361826436192230781e-02,5.277535541761985832e-03,7.320714109365068084e-03,4.608378708872134383e-03,1.945314538678233817e-03,3.235833239642860269e-03,4.168254985484269419e-03,2.001413985014557397e-03,7.337833719932717810e-03,4.100089473624941687e-03,2.597404074170139854e-03,3.094712167314345001e-03,3.492912951783939349e-03,3.211770496629791187e-03,5.010080008380254045e-03,6.745785210578625520e-03,7.099657832914696085e-03,2.004252920650099329e-03,1.674640790897393610e-03,3.672748433430821167e-03,2.661174207071943451e-03,5.273578905185747658e-03,7.260285033366523956e-03,1.903083949933645491e-02,1.245027022590970700e-02,2.946672927956656834e-03,3.115555608027244759e-03
7.908319775671104630e-04,1.320350052858769527e-03,2.380929019786444101e-36,2.380929019786444101e-36,2.380929019786444101e-36,2.380929019786444101e-36,2.380929019786444101e-36,2.380929019786444101e-36,2.380929019786444101e-36,2.380929019786444101e-36,2.380929019786444101e-36,2.380929019786444101e-36,2.380929019786444101e-36,2.380929019786444101e-36,2.380929019786444101e-36,2.380929019786444101e-36,2.380929019786444101e-36,2.380929019786444101e-36,2.380929019786444101e-36,1.917626995943164060e-03,1.925037046338054698e-04,1.513479375782089990e-04,8.428241690866197528e-04,1.646224771032576495e-03,2.247998862138941151e-03,1.820176537938416206e-03,1.733767386918356503e-03,4.342320085173679949e-03,3.266664724070724671e-03,1.067842000396870524e-03,3.305182636265677990e-03,1.782304396269711669e-03,1.134492427741369850e-03,1.167054847435953276e-03,1.226291418646487498e-03,1.789263164331590791e-03,9.917471566147054336e-04,4.280578325445722615e-03,6.708595419250196548e-03,2.612620250747355131e-03,1.605623448873748534e-03,1.034387203619094352e-03,6.497693474247465129e-02,2.366363653283996143e-02,2.020595592203113834e-03,1.801959250894338144e-02,4.280375502300002265e-03,5.211303393489035568e-02,5.025902649477598065e-03,1.007259798787680030e-02,4.053291937012045570e-02,6.127582739506601262e-03,1.091911287952611331e-02,4.782560168253127512e-03,4.563570159677193816e-02,5.624136403502297266e-02,2.051098996475985217e-02,1.457479787677690673e-02,1.788113699551403465e-02,4.356995211329007904e-03,8.808408812597889881e-02,8.530348421827145533e-02,1.576183005721744079e-01,1.977575734562014506e-02,1.824732334745875553e-02,4.197137796663253685e-03,1.154514084236787225e-02,8.614332026051274571e-03,2.811987904025371656e-03,3.508985396528103810e-03,7.497562637497203614e-03,6.862181456355513024e-04,9.080364831627037257e-04,4.777972895798591677e-03,3.365942190843504867e-03,5.084946317043606556e-03,7.020802245251963952e-04,5.953969443496132542e-04,1.127369110117098356e-04,8.409408522438125040e-04,9.653165783986519160e-04,2.386956028638654139e-04,1.749481543783235234e-03,2.631492448159084008e-02,3.654511101386923727e-02,1.410957377454555815e-02,2.467307468129166168e-02,1.628514941029741633e-02,3.460636304652071199e-02,2.616893630909585336e-02,2.652902049356196598e-02,1.284288321244253170e-03,5.323388056015872574e-03,8.998430117541866835e-03,1.194901305317254414e-02,2.770665647820133755e-03,9.230920524149024628e-03,4.620654733712601173e-03,3.434609584994387926e-03,5.873849452016715288e-03,1.482888020953396051e-02,1.124374703276051143e-02,6.799691601740829108e-03,1.210808419235021201e-02,1.898802431729369397e-02,1.083287110663712187e-02,8.106978875426391895e-03,1.059638981089641371e-02,1.414821936999694982e-02,3.745476221091436578e-03,2.201038243772930440e-03,8.181138790871074484e-03,5.328375365986163896e-03,3.330346023078859224e-03,8.165715634071684520e-03,1.083341403501908266e-02,5.523972870237581906e-03,2.088667275122809298e-03,7.812445446889950719e-03,6.532990514637263164e-03,6.300782120673556648e-03,8.030606444359938631e-03,8.088847674817245190e-03,9.003322615067206602e-03,1.230834540310976437e-02,1.066917793109956741e-02,7.870761197198107226e-03,7.285378651045086237e-03
1.489544155741931051e-03,1.377261693068198819e-03,0.000000000000000000e+00,0.000000000000000000e+00,0.000000000000000000e+00,0.000000000000000000e+00,0.000000000000000000e+00,0.000000000000000000e+00,0.000000000000000000e+00,0.000000000000000000e+00,0.000000000000000000e+00,0.000000000000000000e+00,0.000000000000000000e+00,0.000000000000000000e+00,0.000000000000000000e+00,0.000000000000000000e+00,0.000000000000000000e+00,0.000000000000000000e+00,0.000000000000000000e+00,1.915687370576042194e-03,3.258277886478674391e-04,4.070895667245628046e-04,1.698926708340619141e-03,2.494877131298554873e-03,2.852763833278954431e-03,1.776214439166890488e-03,2.469474088257117474e-03,5.287434292496361911e-03,6.205521918508687812e-03,7.287583982706759105e-03,8.226593499633699791e-03,1.840190602340318260e-03,2.017634694352616557e-03,1.667427542769820380e-03,3.744638687713601997e-03,3.461545754099056536e-03,3.617794321678687031e-02,4.011329143317644147e-02,2.524953090337999154e-02,1.645370760334391317e-03,1.120950154547729763e-03,2.324419520686656863e-03,5.141297292143875292e-02,1.273460074013796073e-01,1.185620197851935953e-01,5.308027756757378868e-02,1.549307755229571357e-02,9.474173766087690129e-02,1.752652101410837326e-01,1.655705231417502754e-01,1.385372951330438585e-01,7.371665016169699769e-02,2.411373780113256621e-02,1.483585377364840356e-02,1.120837026691358547e-02,8.028008019244262106e-03,6.785875388123927335e-03,3.204425365961592088e-04,4.639281678084433529e-03,2.049715004030578085e-03,7.816900293944657740e-02,1.134846047752998688e-01,3.607422537891817604e-02,1.379831220636188772e-03,3.379733041745156593e-03,2.764451453133147992e-03,2.501000220482097608e-03,3.949609164939564369e-03,4.447728133493691546e-03,9.073489528810445640e-04,4.758710842843532143e-03,1.904985897495523094e-03,1.612207283312095405e-03,3.828901301248049949e-03,2.752273266331356667e-03,9.771847478062698975e-03,2.608823228229373466e-03,5.713486558274283398e-04,3.269775690585009472e-04,1.119633247251727859e-03,1.865984378068357439e-03,2.637132408315371679e-04,1.734428113798981404e-03,8.085553499580507703e-03,4.679623365115306161e-02,4.036748026190674354e-02,2.033561585652587933e-02,3.618193326305844948e-02,5.092371498451402599e-03,3.201571260183029566e-02,5.267145327719621045e-02,8.274888780827858309e-03,1.035005361732751171e-02,1.903563495035828432e-02,1.570847069187711678e-02,6.034635702985924680e-03,2.044847885203636331e-03,4.180576402841119053e-03,8.992885259049549981e-03,9.845198620762480798e-03,1.207317456241853437e-02,1.328765518644486367e-02,8.451066250821178197e-03,9.392692293880717733e-03,5.922282028476630843e-03,8.100681760413841470e-03,9.183931894384076561e-03,2.168199289884116532e-02,7.081604357261246652e-03,1.775845362058698154e-02,1.418094944664452343e-02,6.948107659658916274e-03,1.109610628122716623e-02,9.844447659317740254e-03,6.387727806662660442e-03,6.381773254999477570e-03,8.729719633917320046e-03,7.550540037562911665e-03,8.393212227377318951e-03,1.733841654883372038e-02,4.477986892393659608e-03,7.040366980208998329e-03,1.098088713711073243e-02,1.428614359615463895e-02,1.393117372967132318e-02,1.150586276557165853e-02,8.482231598075300888e-03,4.086026194370378714e-03
9.308329295633618666e-04,1.013027195727848537e-03,3.414559791244736328e-40,3.414559791244736328e-40,3.414559791244736328e-40,3.414559791244736328e-40,3.414559791244736328e-40,3.414559791244736328e-40,3.414559791244736328e-40,3.414559791244736328e-40,3.414559791244736328e-40,3.414559791244736328e-40,3.414559791244736328e-40,3.414559791244736328e-40,3.414559791244736328e-40,3.414559791244736328e-40,3.414559791244736328e-40,3.414559791244736328e-40,3.414559791244736328e-40,1.300033955020021316e-03,7.523612332188375816e-04,6.936682635139931104e-04,1.963674936397109480e-03,5.539169927217865025e-04,1.785121001998577926e-03,6.526026706237600394e-04,1.941024133456964841e-03,6.268100586257672156e-03,7.199084815035107672e-03,9.372017689824962625e-03,6.577706291955785073e-03,5.758312861000090474e-03,2.849283049141210396e-03,8.293817714980655396e-04,2.157984230231663105e-03,2.056750646161782485e-03,1.890014514613124657e-03,1.267624122161976246e-03,2.833117492409358094e-03,5.411112201477987112e-03,5.152200686036596464e-03,5.336902433243729876e-04,2.178694531907457432e-02,2.912228642402894460e-02,6.797351877755836158e-02,5.001995710277320345e-02,1.367079836172522232e-02,2.477572585310773221e-02,3.858890668406365215e-02,4.568213193924446081e-02,3.181075497970559107e-02,5.203040888586351990e-03,8.235938128737387010e-03,6.551861688491441779e-03,1.284376413540022632e-02,4.796139716685785957e-04,1.091480646996484741e-03,3.826935939552813647e-04,2.177180012374696667e-03,7.768406239883344144e-04,2.272538682071889235e-02,3.671092591635647089e-03,2.886194008978737804e-03,1.293168799094716100e-03,1.330133622747906464e-03,1.238786564155059874e-03,3.715483213916818180e-03,2.435440285246452414e-03,6.981463636900325917e-04,6.771369528521585610e-04,3.329670556066311772e-03,8.277126562128031507e-04,3.797645809259022633e-04,1.774157042485057303e-03,6.165793131483812695e-04,3.717343679743797397e-03,1.629603753011882750e-03,1.143285233601922923e-03,2.750166708868884233e-03,2.743565087136485767e-02,4.948341779825377734e-02,5.047671221924211749e-03,1.368419053109359200e-03,3.200903885758047372e-03,3.046671207926188174e-02,1.049084012661328086e-01,1.328969913292226412e-01,1.127097961437326795e-01,8.406028395447431856e-02,8.028990291263768397e-02,5.447840520515988272e-02,7.450323659416896449e-02,3.929319500099408974e-02,2.920404893647369007e-02,2.506259267588440212e-02,1.112127712372577848e-02,3.486402276111707707e-03,8.213212691310917482e-03,1.006369104472815308e-02,3.748773834831973899e-03,6.807372483408145013e-03,1.301952011720362672e-02,7.479401421713901751e-03,9.999178905995366462e-03,1.091626505404006894e-02,7.213959056377691401e-03,4.851742807028640130e-03,7.347154285026753773e-03,7.106938423518819985e-03,2.147307541831712952e-03,3.839027132684956403e-03,4.484802550579858153e-03,6.854632473361861253e-04,1.939029352438481710e-03,6.898372219549223257e-04,3.243913467212537500e-03,2.800460193884296047e-03,9.717617904829795516e-04,1.081432450022939105e-02,6.548377449218259136e-03,6.163801364724262946e-03,1.526634761039378672e-03,1.647588182559556625e-03,2.870291218578006898e-03,7.445833526657223700e-03,1.171957135137045164e-02,8.938857527034313466e-03,3.722342317332888711e-03
5.161394936907895588e-03,8.564399289981443689e-03,4.606423319938054983e-02,4.606423319938054983e-02,4.606423319938054983e-02,4.606423319938054983e-02,4.606423319938054983e-02,4.606423319938054983e-02,4.606423319938054983e-02,4.606423319938054983e-02,4.606423319938054983e-02,4.606423319938054983e-02,4.606423319938054983e-02,4.606423319938054983e-02,4.606423319938054983e-02,4.606423319938054983e-02,4.606423319938054983e-02,4.606423319938054983e-02,4.606423319938054983e-02,6.534453412012759810e-03,1.110603798377390828e-03,1.136761624634290710e-03,5.716533795922532296e-04,9.384315841664033885e-04,2.021142279420053579e-03,5.409912983690563261e-03,8.414944509069413733e-04,1.810493365780973044e-03,1.339410180212883324e-03,2.822621525138153866e-03,3.146487392099379769e-03,1.562433844499436317e-03,8.590024258016560731e-04,1.182468048196898616e-03,9.453067767272553545e-04,2.008000026939350726e-03,3.160219263850994054e-02,2.786730087086578683e-02,1.862826745979795362e-02,1.260428807535544796e-03,1.238461477704396385e-03,5.365903610472227015e-04,2.068707548505671970e-02,3.458411641370873202e-02,3.575579658035117625e-02,1.704975668979134829e-02,5.771341869729665168e-03,2.801377243039409465e-02,4.829969870338168131e-02,4.585870984344350004e-02,3.848035688462296544e-02,1.971093153549228344e-02,6.591049697594281685e-03,3.287714135750169093e-03,1.348364082290048546e-02,1.570425665983482544e-02,1.407929695748522461e-02,2.364284515629575326e-02,1.133182950138503751e-02,1.902859484169130977e-02,3.032460008194411485e-02,3.715174217074505153e-02,4.359491271506599902e-02,6.318285303182394862e-03,1.852640306117070423e-02,3.518354748802501181e-02,1.416120895387542634e-02,1.596629403183497803e-02,1.924978507528296578e-02,1.326712184878014143e-02,1.620134931839884579e-02,3.189973153026303548e-02,3.833622106113283856e-02,1.873977163113233965e-02,3.781370945806497574e-02,9.828210052735085814e-03,3.452310417125144942e-02,4.218304377941598654e-02,2.026462334406874816e-02,2.605755246213191031e-02,3.720307072411770805e-02,2.768230286076562088e-02,1.796541400812442374e-02,1.236661268307976194e-02,1.580661317329187798e-02,2.934545517274005089e-02,3.553258214692681799e-02,3.056041001258116840e-02,2.318704490276547736e-02,2.176167407532624345e-02,1.908145877832894549e-02,1.983590983339066777e-02,1.010475027846016033e-02,7.609220474759115574e-03,6.735753725288333438e-03,2.609203462866708546e-03,2.828962886254334647e-03,2.388878328877546385e-03,2.864134753430423470e-03,2.742714398548316140e-03,4.325082704479185983e-03,3.258621221093094527e-03,9.612873660473432100e-03,8.298333392911210263e-03,5.331910981803664011e-03,6.933103165665219746e-03,6.495867090315749458e-03,8.730802277818016169e-03,9.165906769031366072e-03,5.870550567298699757e-03,5.381508829349704488e-03,4.931577547104448907e-03,7.669711891340701831e-03,5.767679421103976724e-03,6.506564698793917967e-03,6.746807282744632026e-03,5.765432920377002932e-03,5.012086912703752652e-03,3.942294587318687440e-03,4.577933855627737240e-03,4.198697693645775733e-03,4.268139079328790719e-03,3.629598465379815786e-03,4.728994258216480569e-03,6.472044701924448834e-03,7.106942989279711742e-03,4.247715294221096269e-03,5.934765026805203722e-03
0.000000000000000000e+00,0.000000000000000000e+00,-8.336807002917882630e-04,0.000000000000000000e+00,0.000000000000000000e+00,0.000000000000000000e+00,0.000000000000000000e+00,0.000000000000000000e+00,0.000000000000000000e+00,0.000000000000000000e+00,0.000000000000000000e+00,0.000000000000000000e+00,0.000000000000000000e+00,0.000000000000000000e+00,0.000000000000000000e+00,0.000000000000000000e+00,0.000000000000000000e+00,0.000000000000000000e+00,0.000000000000000000e+00,0.000000000000000000e+00,1.333889120466861221e-02,2.584410170904543474e-02,-1.000416840350145872e-02,-2.501042100875364854e-02,-3.334722801167153052e-03,0.000000000000000000e+00,4.168403501458941424e-03,5.669028761984160059e-02,6.752813672363484898e-02,2.501042100875364160e-02,3.668195081283867620e-02,4.126719466444353501e-02,1.792413505627343806e-02,-2.501042100875372487e-03,-4.376823676531887974e-02,-4.835348061692371080e-02,-3.167986661108795898e-02,-1.667361400583572406e-03,2.417674030846186928e-02,5.043768236765316937e-02,5.252188411838265569e-02,-1.792413505627343806e-02,-8.253438932888704227e-02,-8.295122967903291455e-02,-1.709045435598166573e-02,-9.587328053355562152e-03,1.579824927052938810e-01,1.583993330554397949e-02,-1.734055856606919743e-01,-1.959149645685702434e-02,2.167569820758649679e-02,5.585660691954980744e-02,9.045435598165901814e-02,1.333889120466863476e-02,-1.096290120883701702e-01,-5.502292621925802124e-02,8.336807002917882847e-03,-8.336807002917862031e-04,1.667361400583572406e-03,4.460191746561066595e-02,-6.252605252188403462e-03,-5.043768236765319019e-02,-7.086285952480200073e-03,-7.919966652771989746e-03,-3.751563151313046587e-03,-8.336807002917879378e-04,1.458941225510629325e-02,1.292205085452272084e-02,-5.835764902042517299e-03,-4.585243851604837995e-03,-2.501042100875365548e-03,7.919966652771989746e-03,5.835764902042517299e-03,-1.709045435598165880e-02,-1.250521050437682427e-02,8.837015423092954569e-02,9.587328053355576030e-03,-8.253438932888704227e-02,-5.002084201750731096e-03,-8.336807002917862031e-04,0.000000000000000000e+00,7.086285952480200073e-03,7.503126302626093175e-03,4.585243851604837995e-03,-2.917882451021258650e-03,-7.086285952480203543e-03,-2.917882451021258650e-03,7.086285952480203543e-03,4.585243851604831056e-03,1.667361400583579345e-03,3.084618591079615890e-02,3.668195081283869008e-02,2.209253855773239683e-02,1.792413505627343806e-02,1.208837015423092076e-02,6.669445602334317380e-03,-8.336807002917889786e-03,-1.333889120466860700e-02,-2.000833680700292438e-02,-2.167569820758648291e-02,-1.208837015423093464e-02,1.000416840350146219e-02,1.542309295539807945e-02,-8.336807002917862031e-04,1.834097540641932422e-02,-2.959566486035847266e-02,-2.626094205919132785e-02,3.918299291371404869e-02,1.167152980408503460e-02,-1.583993330554397949e-02,0.000000000000000000e+00,1.667361400583586284e-03,-1.000416840350146219e-02,7.503126302626089705e-03,2.334305960817008307e-02,-2.501042100875372487e-03,-1.458941225510629325e-02,-1.042100875364736223e-02,9.170487703209675989e-03,1.083784910379323452e-02,-2.667778240933721401e-02,1.250521050437686243e-03,-2.000833680700292438e-02,8.336807002918000808e-04,3.376406836181741755e-02,-9.170487703209675989e-03,5.002084201750731096e-03,-7.919966652771989746e-03
0.000000000000000000e+00,-1.731293497685940010e-11,-1.682121132648930995e-11,0.000000000000000000e+00,0.000000000000000000e+00,0.000000000000000000e+00,0.000000000000000000e+00,0.000000000000000000e+00,0.000000000000000000e+00,0.000000000000000000e+00,0.000000000000000000e+00,0.000000000000000000e+00,0.000000000000000000e+00,0.000000000000000000e+00,0.000000000000000000e+00,0.000000000000000000e+00,0.000000000000000000e+00,0.000000000000000000e+00,0.000000000000000000e+00,3.462586995371879374e-11,1.613343049173020841e-07,2.119267412709851653e-09,-1.611977683320886810e-07,-2.069295502380742530e-09,-1.192236502365354013e-10,-6.777656895632734609e-11,1.874919428432328149e-10,3.419198579208372751e-08,2.170758575543209015e-07,1.679248115499167630e-06,1.733028325551727608e-05,1.122762956830314384e-04,2.017157644792078996e-04,8.089741442287516193e-05,-1.600738504178815655e-04,-1.924249753667414881e-04,-5.328349087638174271e-05,-2.313400588797342360e-06,-5.781511570086101618e-06,1.066155333895716251e-03,1.945209556437437403e-03,7.387638248471505714e-04,1.558723712040510634e-02,6.843182685452392500e-02,9.289339532526336152e-03,-6.833046555785393661e-02,-2.053659108730115923e-02,2.666623030794985222e-02,4.538062958931893265e-02,-4.888056087305886477e-04,-4.729982037263200101e-02,-2.603830888504254232e-02,-2.737836236038989571e-03,-1.179634891554062932e-03,4.446777414241296494e-03,3.100311809247026026e-02,2.743929373778462161e-02,-2.494519056016121505e-02,-3.233754674293869841e-02,-6.330705603496147860e-03,2.627703082282535629e-02,3.361615005698801589e-02,-3.941836198520246026e-03,3.553689584107504185e-03,-1.084420849645668927e-02,-3.090188456621486418e-02,2.856093339451480639e-02,1.501039943074064520e-02,-2.265466633380335687e-02,-1.779517576989022437e-02,-1.788339361159099056e-02,8.858500353885866846e-03,1.060460424916054648e-02,-9.400642513749796897e-03,-1.005264324028879927e-02,-6.640931798417961177e-04,1.213275314780833461e-02,2.396308328370031632e-02,1.031170414635449589e-02,-1.404267896285307793e-02,-1.342394973059281987e-02,9.957703961237567014e-03,2.802600828894886986e-02,4.562033179724525600e-02,1.257966819134211101e-02,-6.030172912601572399e-02,-4.894552680724373328e-02,-7.850321805646098827e-03,-1.876746082149984398e-03,-1.997682355620794613e-04,-3.387114697845245445e-05,2.311568851845587704e-06,3.358929114355125006e-06,-7.313516501200766269e-06,-8.284761773815021876e-06,-5.103621320638322315e-06,1.353176066784404411e-06,-8.150595496317948336e-07,-7.025956539247099993e-06,-4.659756621221266952e-06,-1.563403296647852119e-06,-1.009970155751196586e-06,-4.577579165606810731e-07,-7.948346981656021406e-08,-4.281100098829055267e-08,-2.145464286799449897e-08,-4.621591503939878240e-09,8.359628993195659535e-09,-4.136521502946100287e-09,-6.467294022572563166e-09,-1.302467849724901326e-10,-1.342152233352648812e-09,-1.205962139737393172e-10,2.170714493990049808e-09,2.723950180376619741e-09,-1.061703208170305637e-09,-1.832036863636223402e-09,-1.212499779244437050e-09,-2.147419580413985083e-10,9.181798846378231378e-10,-2.796049654972373709e-09,-2.502486680819527337e-10,-4.466942438457530251e-10,1.050782680648257632e-09,2.333202091467867247e-08,-3.968249407305576077e-10,-1.813320187269799149e-08,1.376675496092458818e-09
0.000000000000000000e+00,-4.822540701006585717e-01,7.666141015514964518e-01,0.000000000000000000e+00,0.000000000000000000e+00,0.000000000000000000e+00,0.000000000000000000e+00,0.000000000000000000e+00,0.000000000000000000e+00,0.000000000000000000e+00,0.000000000000000000e+00,0.000000000000000000e+00,0.000000000000000000e+00,0.000000000000000000e+00,0.000000000000000000e+00,0.000000000000000000e+00,0.000000000000000000e+00,0.000000000000000000e+00,0.000000000000000000e+00,-1.098613551962495549e+00,-5.462224803164206222e-01,1.225459083303615526e-01,1.999863124980238549e+00,-5.156229810389247881e-01,-7.707659572886499388e-01,5.244559058450534161e-01,-1.547905834146872106e-01,3.727412427426675112e-01,1.009513432333853933e+00,2.482162812912358518e-02,-7.663417442024389459e-02,1.565927442942869341e-01,4.776967387453714409e-01,9.045770537616837359e-02,-3.229082045372835275e-01,-7.485821092843996105e-01,3.854277344579157827e-01,-8.294952071495012014e-01,1.367216552243168071e+00,-8.828467315420231998e-01,9.160120103113467138e-01,1.049224745586658791e-01,-1.164467431791914809e+00,7.853903258323962078e-01,8.771755987888152362e-03,-1.137615188796258225e+00,1.048782773249414602e+00,1.461310437006480001e-02,3.905256778128736173e-01,3.104444270721318233e-02,-4.798513226589582459e-01,-2.090210439047535118e-02,3.328247295354627155e-01,-1.358384209577581103e-01,-3.940362860607486972e-01,3.077115539015027323e-01,4.120575666839849660e-01,-4.208735334094981795e-01,-4.050901400900328575e-01,7.590031697387966680e-01,-1.030916950021823819e+00,1.010491113242770300e+00,1.126568985290403724e-01,-1.344865688444674134e-02,-2.008086644438273893e-01,-1.242360587173090281e-01,-1.206114469848240667e-01,4.004012519412207816e-01,4.798334025163830674e-02,-4.109586475601481048e-01,-3.293153711368477232e-01,-2.169062000707766558e-01,7.576354757517682614e-01,-2.001832795466143011e-01,-1.534887751625060304e-01,1.481153924740161720e-01,3.556406275092394154e-02,3.046230757920640464e-01,4.179674903797359065e-02,-8.903553792872997974e-02,1.073671032893832589e-01,-8.755691936175713508e-02,2.247296318645375379e-02,2.577833838583254433e-02,5.941326895006904252e-02,-4.440163880595058288e-01,3.847532997163227719e-04,-3.783347643758596668e-01,2.912582631929021559e-01,2.975243519782653223e-01,8.442744757408382483e-02,1.484246682729439826e-01,-2.809740419037476400e-02,-4.736455043044784929e-02,2.175338739768495344e-03,1.681426755103476722e-02,1.620653864865095883e-02,-4.651280632785370628e-02,-1.612417914047719059e-01,1.401633024893151891e-01,-1.086334619903142062e-01,-2.558442718733426879e-01,2.818835554282039801e-01,6.846150046282417634e-04,7.443264243084124487e-02,-1.730254784879274865e-01,5.981947610589655184e-02,5.105681125466121628e-02,-1.578703628917677015e-01,1.098920857781311433e-01,1.389553994896530753e-02,-2.985424967547700703e-02,-5.956621362110636753e-02,7.945345444973339610e-02,8.775339239091595189e-02,-9.536484511707632450e-02,4.086903748976933315e-02,-8.007021944731906871e-03,-2.294885442662808472e-02,9.671994439023556822e-03,-9.331925621725423170e-02,1.566611610374915031e-01,-7.982840447946104590e-02,-3.050254130313323486e-02,-6.913261923037330448e-01,-2.971639140422643877e-02,9.413008119755690295e-01,-5.540374731937092179e-02
0.000000000000000000e+00,-1.086690814370960823e-03,-4.932992159973918489e-01,0.000000000000000000e+00,0.000000000000000000e+00,0.000000000000000000e+00,0.000000000000000000e+00,0.000000000000000000e+00,0.000000000000000000e+00,0.000000000000000000e+00,0.000000000000000000e+00,0.000000000000000000e+00,0.000000000000000000e+00,0.000000000000000000e+00,0.000000000000000000e+00,0.000000000000000000e+00,0.000000000000000000e+00,0.000000000000000000e+00,0.000000000000000000e+00,4.940520594790478448e-01,-1.380833659982464989e-01,1.069571895074450385e-02,9.740200255136444163e-02,2.880214904105948825e-03,-4.900890960909831673e-02,7.645709264822930784e-02,-1.082631330910749368e-02,-1.874607868722176218e-01,-3.126987562576155621e-02,-1.965603388598016754e-02,2.675505370095396240e-02,2.213106353648758295e-02,-5.669585541852428801e-03,-2.698628736278685381e-03,-2.454628241872647276e-02,-2.910063426143583154e-02,-2.471211995999811339e-03,6.768783248683213349e-03,7.647728936159717272e-02,4.863217017883225690e-03,-5.994310464564278629e-03,-1.439978435217620367e-02,-1.031778240196882801e-01,-5.873276815746594770e-02,7.047580613986414999e-03,1.367357301890159693e-02,2.562412457570272251e-01,-9.848487913882025824e-02,-1.437828407372561124e-01,-5.808574076834147060e-02,2.222749188203132498e-02,7.266009598002681757e-02,5.676669574177781175e-02,-5.758580238459265477e-03,-1.022706349252997526e-01,-6.498605382045784251e-02,-6.024178278558528499e-03,6.062590697820641195e-03,9.137234698679663758e-03,1.157561396234015744e-01,-5.708773331087421687e-02,-1.746662957988459608e-02,-1.134112143377066784e-02,-2.691304172723095467e-02,-4.483300579794406021e-02,3.439809998227025961e-02,-8.942954112601181338e-03,-3.349321386098391695e-03,1.037089830394356815e-02,1.710898879585733001e-02,4.130344494921694976e-03,2.840252528213862981e-03,1.047832214759170100e-02,-3.237714259702111075e-02,3.971377473496594257e-02,1.162994573982108482e-01,-3.991386956414477716e-02,-8.896830470558142467e-02,-1.342596479393273756e-02,8.628139635521739348e-03,-4.816047821693647535e-02,3.295890116073729725e-03,2.592813206593025388e-02,-2.604291483986795330e-02,1.928645110141412322e-02,-1.047659925174122819e-02,4.629658801524734468e-02,2.214166815876625338e-02,6.226136543841576110e-03,-2.815754231230097049e-02,4.237730247272231132e-02,3.862931362797147883e-02,9.727660633767620801e-03,4.176242105953104078e-03,2.183890702691787533e-02,1.033612945178991049e-02,-1.564065340723597153e-02,-1.256833287080663664e-02,-6.483069858930656792e-03,-4.021162173055231603e-03,1.133302902585231475e-03,2.253606740704983125e-02,6.358359793605572463e-02,3.205371957927566351e-02,3.418644356413097496e-02,2.734073746926257709e-02,1.089742863162401765e-02,-5.308132404106491453e-03,6.950799155123477124e-03,1.954535514224153836e-02,-3.135840221767660640e-03,-3.752974620763516178e-03,-7.482661310646343544e-03,-2.373396255707815872e-03,9.472208400097770209e-03,1.760745452766276919e-04,-1.209255003804943218e-02,2.853262547529877846e-03,1.525293511207775898e-02,-1.593665191015669613e-02,-6.533069793477397358e-03,2.280349020553029682e-02,-1.058754005101386619e-02,-4.989046776812222639e-03,-4.067165755989238241e-02,3.610303131620584693e-03,4.868109904522976983e-02,-2.111350473211998091e-02
0.000000000000000000e+00,3.640614620183391104e-04,-2.922071158131597235e-01,0.000000000000000000e+00,0.000000000000000000e+00,0.000000000000000000e+00,0.000000000000000000e+00,0.000000000000000000e+00,0.000000000000000000e+00,0.000000000000000000e+00,0.000000000000000000e+00,0.000000000000000000e+00,0.000000000000000000e+00,0.000000000000000000e+00,0.000000000000000000e+00,0.000000000000000000e+00,0.000000000000000000e+00,0.000000000000000000e+00,0.000000000000000000e+00,2.920021980217924473e-01,-1.615488023558253883e-01,2.271032341454101711e-02,1.191894743336786577e-01,1.632846257907144549e-02,-1.382658574603568002e-02,1.698288234769040894e-02,2.682344449029760991e-03,-2.438871968828665304e-02,-2.691860304883392230e-02,-3.538221731200275055e-02,-5.231565793080317217e-03,3.147636561686678602e-03,-1.439346405041616594e-02,4.086364494412797477e-03,-1.084870513587671281e-02,-7.008979103288737189e-04,2.372949733747486967e-02,8.057920183271921610e-03,4.793218449597186348e-02,-5.603995336173414610e-02,-8.361499436334657309e-03,-5.955857985102536167e-03,1.914524330781047778e-02,-4.432836300951506492e-02,-3.440327681839383533e-03,2.843924189425209303e-02,9.843659848922131639e-03,2.084119357075739365e-02,-4.716998081539294785e-02,-3.583132268821948019e-02,2.097327865352935361e-02,1.236991374528412235e-02,-4.758783441893510435e-03,1.919678692754203664e-02,-6.060302428719049894e-03,-5.439754582111924752e-02,-8.091334096356997407e-03,7.872563209409419449e-03,2.757480223131217323e-02,5.638734823904115179e-02,-2.217688249263871647e-02,-2.652861961949823377e-02,-1.482393873170784193e-02,1.975909852754939577e-02,-4.474202999086011878e-02,5.665068137512217772e-02,-5.117610210372913748e-02,-2.616596228952401682e-02,1.215131667566160534e-02,4.254322312066645406e-02,1.875353216630437636e-02,-1.424784372974094437e-02,6.616147220843415777e-03,-3.497678630792039334e-02,8.733243690099667944e-02,-4.287294782955564099e-02,9.703128033718533274e-03,-6.922649018150928146e-03,-3.799830755358390988e-03,2.433913847515209450e-02,-6.120976923645071732e-02,-2.598155041286505373e-02,4.291331980949096569e-02,-5.598546652532934709e-02,4.398815292027705159e-02,-1.393608799231019213e-02,6.795033115222712250e-02,1.767543946121347131e-02,-4.243612183118639081e-03,-1.885144545991873644e-02,9.289904166453116785e-03,4.288858468848105732e-03,3.842185507020007273e-03,3.839325150247652196e-03,8.108867189292295885e-03,-6.785702477257182785e-04,-9.752138545400967917e-03,-2.377515800290025405e-03,3.425657436933599032e-03,1.175806222144012980e-02,1.222649075354559356e-02,2.466134104119657722e-02,2.904931848606717715e-02,6.349158338137150803e-03,4.328733311086296887e-03,2.317064458904949387e-03,-5.105759026282130630e-03,3.855238270000616030e-03,9.744550712731392395e-04,-4.893507201239988280e-03,-1.591397964778584750e-03,-1.071812203021382803e-03,4.116172267336071222e-04,-3.128639909463493129e-03,2.467222012927039465e-03,-6.877051012943447006e-04,5.247440996725138973e-05,1.218902271156285799e-03,-3.906584440708349426e-03,6.394170124575659919e-04,1.380627391473099319e-03,6.806064103724862591e-04,3.607282247694021393e-03,-1.745363195630567077e-03,6.712700630279178071e-04,2.545593845375893061e-03,-5.111177809721978438e-03,-3.948175120613850453e-04
0.000000000000000000e+00,-3.246226798950938019e-02,-3.730136496313782302e-02,0.000000000000000000e+00,0.000000000000000000e+00,0.000000000000000000e+00,0.000000000000000000e+00,0.000000000000000000e+00,0.000000000000000000e+00,0.000000000000000000e+00,0.000000000000000000e+00,0.000000000000000000e+00,0.000000000000000000e+00,0.000000000000000000e+00,0.000000000000000000e+00,0.000000000000000000e+00,0.000000000000000000e+00,0.000000000000000000e+00,0.000000000000000000e+00,7.128607856050618585e-02,1.111230392756060947e+00,4.018127497004675419e-02,1.643452145733765857e-01,-1.061007322698836131e+00,-1.540368295539419063e-01,-1.022351756545652190e-01,2.591589525179547326e-01,1.412393057896425219e+00,2.442573682779003441e-02,5.610123184534843155e-02,3.944856724775585022e-01,1.188558369187653341e-01,-5.326188044210589112e-03,-8.430845224182226261e-02,-1.483593722951126459e-01,-2.055254285380883061e-01,-3.239899717437852988e-01,-2.049513550703041531e-02,5.159061473249899610e-01,-2.744081665186604013e-02,-1.120481291946773261e-01,-3.013987993623858941e-01,-9.380060185627305813e-01,-2.500731130183569961e-01,1.178732457213615969e-02,-5.984589342537144363e-02,1.627309152471238640e+00,-6.935611761247997276e-01,-8.790930573749358157e-01,-1.661036448908665419e-01,-4.850768340709657456e-02,9.708274494261084353e-01,9.342675988462552095e-01,5.438988968616209618e-02,-1.747220480807230913e+00,-3.569768254022354093e-01,5.320785305829653367e-02,4.686255833916816438e-02,-3.938193319407040649e-02,7.248723885559121838e-01,-2.629294689897965220e-01,1.068288768217906526e-02,-9.649993408089174718e-02,-3.812713201355619752e-01,-1.289296299536102641e-01,5.041016640814514893e-03,1.063719555482139228e-01,6.605683211689911127e-02,6.091346545677628344e-02,-4.853738218190040143e-02,-4.293963839240177993e-02,8.793645637041336283e-02,7.352853955841820444e-02,-2.171892581574019765e-03,-2.425324433324870244e-01,1.896424495740825833e+00,-1.025758788285705769e+00,-8.465568276034346473e-01,-6.289915936915987937e-02,-7.034239179475848536e-03,-2.046704363327370504e-02,2.945935476058566052e-02,2.173164717065659279e-02,-2.310644182797328555e-02,-2.603415499291765467e-03,-1.855488567410409212e-02,4.023653480652150671e-02,6.162304998390088356e-02,1.153782486744054092e-01,-1.083465453934110978e-01,4.330632433437707762e-01,5.360883827117242095e-01,1.330435267641580932e-01,9.403079073941089661e-02,2.242315484796497671e-01,2.390797101057702267e-01,-9.292512636501437662e-02,-1.569937778150478636e-01,-8.866435018150187197e-02,-2.824690821184308032e-01,-1.935077404212088847e-01,-4.740702085795234222e-02,4.069429161077536827e-01,3.105535935423777705e-01,4.033474489455082246e-01,1.859054636609447364e-01,9.847750849654390848e-02,-7.497572807682795215e-02,4.404007675787635634e-03,1.491424717420848367e-01,3.917766513019804719e-02,-5.817987751943043406e-02,-6.351377359023313574e-02,6.864828887417351311e-02,7.696657149129171316e-02,1.891561507894934380e-03,-1.001336178963754264e-01,-9.603708462280202696e-04,9.297239054342609776e-02,-5.233119684810239036e-02,-1.239105208639430522e-01,6.459238728230554116e-02,-7.045710252631254278e-02,-2.180796604077483991e-02,-3.215385797404686219e-01,-1.376966389539591162e-02,5.539230846176688150e-01,-5.073704977919968329e-02
0.000000000000000000e+00,1.839467448732650279e-04,3.395967250947314053e-02,-3.414361925434640510e-02,0.000000000000000000e+00,0.000000000000000000e+00,0.000000000000000000e+00,0.000000000000000000e+00,0.000000000000000000e+00,0.000000000000000000e+00,0.000000000000000000e+00,0.000000000000000000e+00,0.000000000000000000e+00,0.000000000000000000e+00,0.000000000000000000e+00,0.000000000000000000e+00,0.000000000000000000e+00,0.000000000000000000e+00,0.000000000000000000e+00,3.460523257372757899e-02,-3.094241234122372536e-02,-3.627742799881199243e-03,1.797483088948308898e-03,-1.290084640263433786e-03,-2.520900279180871744e-04,5.641716331217911350e-05,8.928880894768550635e-05,7.372001535165550751e-04,-3.935464266569006081e-04,1.561110166529325154e-04,-1.559624434367527530e-05,-2.105958243324509852e-04,-1.113709057524324333e-04,-1.474585487146087403e-05,1.410465254088789791e-04,5.511627810996086105e-05,1.566228326770745249e-03,-1.847838046477961755e-03,1.042808825640309262e-03,5.790764584167511567e-05,-1.030613322496697851e-03,2.654313772877094297e-04,6.948983962877189162e-03,-3.842599187250897441e-03,-1.648562325885956793e-03,1.970414623999000667e-03,3.226227864499828409e-03,-4.902385660460131453e-03,5.355503673686935404e-03,-5.726988066118680540e-03,1.374437187449069776e-03,6.515535570842585257e-03,-8.070917037969214947e-03,-1.301549126271480620e-03,5.067142619248342014e-03,2.324114158531520764e-03,-1.388714942954292000e-03,-1.147393917740033298e-03,2.891861913697715489e-03,-2.957628669239503565e-03,6.513952414795613592e-03,-8.883403070962653941e-03,1.385972305720528826e-03,2.738998558306800224e-02,-2.271649954149679296e-02,9.386387621332025269e-03,1.645553374856627629e-02,-3.241400606391912909e-02,4.262831785996219411e-03,-2.262831753987204139e-03,4.832977979147730363e-04,3.980782714021880234e-03,-6.738941691965118046e-03,3.436932002675361850e-03,3.071968102453357004e-03,7.612702714388739841e-03,-1.270572358827783827e-02,8.168958973241330010e-03,-2.296431959044746215e-03,1.572041902892229448e-04,3.809757595970734989e-03,1.303986846359019361e-02,-1.138663819190272909e-02,-6.750021126789301426e-03,-3.445338739640475649e-03,1.956473514404560854e-03,-2.471163474516558170e-03,-1.910749504880841776e-03,5.102479849267644099e-04,-7.712106628395810036e-04,6.908230196412974006e-04,-6.453979817945369735e-05,-1.808078121205638697e-03,-1.841041881291281997e-04,-2.871951684172494024e-04,1.884937774849895558e-04,1.147732437372826157e-05,-4.527315401106634957e-05,1.509517682925953135e-04,8.520551486677213626e-05,-2.263602833488898101e-04,1.674196304433360222e-04,-1.845643129645409102e-05,-4.219581404614918853e-04,-4.861134729574386609e-07,-1.486059729340436647e-04,2.509629053144965191e-05,-2.895781023761682775e-05,-1.057785869013067991e-04,1.581172248263959350e-04,-1.727257599296464830e-04,3.296417135671480614e-05,-5.379941870362319606e-06,2.643637102650212662e-05,-2.893239334177870412e-06,-1.516784379329094799e-05,2.644018051679950399e-05,-4.431742633190401386e-05,8.121234770788526500e-05,-7.108040729100138485e-05,-7.433219143861797499e-06,7.463172138901712303e-05,-1.455776293889222517e-04,1.740968898190147982e-04,1.136206025077129782e-04,-3.217663818392769081e-04,4.676717633667942711e-04,-3.818702966434317980e-04
0.000000000000000000e+00,0.000000000000000000e+00,0.000000000000000000e+00,0.000000000000000000e+00,0.000000000000000000e+00,0.000000000000000000e+00,0.000000000000000000e+00,0.000000000000000000e+00,0.000000000000000000e+00,0.000000000000000000e+00,0.000000000000000000e+00,0.000000000000000000e+00,0.000000000000000000e+00,0.000000000000000000e+00,0.000000000000000000e+00,0.000000000000000000e+00,0.000000000000000000e+00,0.000000000000000000e+00,0.000000000000000000e+00,0.000000000000000000e+00,3.391666666666666718e-01,8.333333333333525772e-04,-3.400000000000000244e-01,0.000000000000000000e+00,0.000000000000000000e+00,0.000000000000000000e+00,0.000000000000000000e+00,1.650000000000000078e-01,4.916666666666666408e-02,2.583333333333331927e-02,1.925000000000000044e-01,4.749999999999998668e-02,-1.583333333333331039e-02,-1.916666666666666519e-02,-5.416666666666669627e-02,-1.608333333333333004e-01,-2.083333333333334259e-02,-1.083333333333333370e-02,1.800000000000000211e-01,1.408333333333333104e-01,-5.416666666666664076e-02,-5.583333333333334592e-02,-2.941666666666666874e-01,-3.083333333333333759e-02,-1.666666666666663521e-03,-5.083333333333333454e-02,5.283333333333334325e-01,-6.500000000000005773e-02,-4.625000000000000222e-01,-1.499999999999999944e-02,3.333333333333330512e-03,2.191666666666666485e-01,8.916666666666667185e-02,2.250000000000001998e-02,-2.974999999999999867e-01,3.333333333333333981e-03,1.666666666666663521e-03,0.000000000000000000e+00,-1.416666666666666768e-02,8.416666666666668128e-02,-2.083333333333334259e-02,1.416666666666666075e-02,-1.333333333333333592e-02,-9.416666666666666241e-02,0.000000000000000000e+00,-8.333333333333334952e-04,4.583333333333333010e-02,1.083333333333333370e-02,5.833333333333329263e-03,-6.666666666666654084e-03,-2.916666666666667407e-02,-9.999999999999998473e-03,1.833333333333332996e-02,-8.333333333333317605e-04,-2.833333333333333190e-02,2.949999999999999845e-01,-5.416666666666669627e-02,-2.358333333333333115e-01,-8.333333333333352300e-04,9.999999999999998473e-03,0.000000000000000000e+00,1.499999999999999944e-02,9.166666666666670182e-03,1.249999999999999722e-02,8.333333333333386994e-04,-6.666666666666667962e-03,-2.916666666666666713e-02,0.000000000000000000e+00,3.583333333333333509e-02,-3.333333333333340920e-03,2.083333333333334259e-02,6.083333333333332260e-02,1.250000000000001110e-02,3.416666666666665075e-02,2.749999999999999667e-02,3.416666666666670626e-02,-3.083333333333335147e-02,-2.916666666666667407e-02,-1.833333333333334036e-02,-2.166666666666666741e-02,-1.083333333333333370e-02,-1.166666666666665853e-02,7.000000000000000666e-02,7.666666666666663299e-02,6.166666666666670293e-02,-1.041666666666666852e-01,-1.833333333333331261e-02,1.058333333333333348e-01,-2.916666666666667407e-02,-5.583333333333334592e-02,8.333333333333525772e-04,-4.500000000000001221e-02,-3.666666666666668073e-02,7.166666666666668406e-02,9.666666666666667851e-02,-2.833333333333332149e-02,-8.500000000000001998e-02,-1.750000000000001554e-02,5.666666666666669849e-02,-3.916666666666668295e-02,-9.083333333333334925e-02,2.333333333333334481e-02,-5.333333333333332982e-02,1.749999999999998779e-02,1.241666666666666613e-01,-2.333333333333331705e-02,9.083333333333332149e-02,-3.583333333333332815e-02
0.000000000000000000e+00,-2.108907849012595648e-01,-9.670398773821418104e-01,0.000000000000000000e+00,0.000000000000000000e+00,0.000000000000000000e+00,0.000000000000000000e+00,0.000000000000000000e+00,0.000000000000000000e+00,0.000000000000000000e+00,0.000000000000000000e+00,0.000000000000000000e+00,0.000000000000000000e+00,0.000000000000000000e+00,0.000000000000000000e+00,0.000000000000000000e+00,0.000000000000000000e+00,0.000000000000000000e+00,0.000000000000000000e+00,1.106712004965885399e+00,1.526846734296171348e+00,1.187691416048089366e+00,-1.895796360515618062e-01,-1.191042975631880552e+00,-1.569416097911968677e-01,-1.104028451635493013e+00,1.224619163629135699e+00,7.397425808439926698e+00,2.271575337256528826e+00,2.283561687024779019e+00,2.900586757637640289e+00,1.872529529772254620e+00,1.205342734510864489e+00,1.464961030280633736e-01,-3.673429788311395328e-01,-1.272945054831446043e+00,-3.086385949590766842e+00,-6.661345363086823568e-01,-3.238786881062608813e+00,9.343728115802168332e+00,7.927530828539417485e-01,-5.541259221414627234e-01,4.808987633256933236e+00,1.873241796981162111e+00,-1.021018203586763207e-01,-9.235062000380835912e-01,-3.862653519611288999e+00,2.632937630793350081e+00,7.365277417633500079e-01,1.895393811767647207e-01,-6.479069101885919224e-01,-1.299959582521967860e+00,-1.731356902844186862e+00,9.762779244946351298e-01,1.330415849435894415e+00,1.469407741534201506e+00,8.999989081344601516e-01,-1.079439616214965980e+00,-7.898554071809016364e-01,-2.597158048028308741e+00,3.224354799635424484e+00,-3.135034657792132862e-01,-3.170268909407774061e-01,4.680889310475251364e-01,-7.512764362315671463e-01,-9.119173178888040354e-01,3.524200375638535832e+00,4.504224628131439090e-01,-4.030149892115240107e-01,-1.521030973526119823e+00,-1.090604379471027841e+00,5.263584458734342775e-01,-2.056175702739260203e-01,3.928205094231920214e-01,-2.230689754773127476e+00,1.773591257013080735e-01,1.617226677671698809e+00,6.753691150904685969e-01,-9.356480573494465602e-01,8.781595785901075146e-01,-1.107719153858258920e+00,5.825249279786959278e-01,1.788324947822612643e+00,1.492667296949367284e+00,-8.373343390977296963e-01,-1.347809253047831390e+00,-1.540103158455327303e+00,-1.729687370734712459e+00,-2.351298362836761413e+00,-1.923301447854196766e+00,-7.570891922751705749e-01,-1.579542537640108435e-01,2.182279293048594582e-03,1.646295285999954672e-01,-6.339929574993554695e-01,-7.291718878788913116e-01,1.649674739409192625e-01,-2.250560168227622171e-02,-6.855995096220723894e-01,-8.077503745999123907e-01,-8.996199742101183006e-01,-1.187477310633809680e+00,-1.837297211313611456e+00,-1.010427410226611755e+00,-9.320698503865116891e-01,-1.146527409994938296e+00,-6.580261118534522780e-01,6.543749167749126627e-01,-2.615388450812687893e-01,-7.951011118112703002e-01,1.924033372613109805e-02,-7.817652150947651535e-02,2.960426159477691499e-02,2.195853244163359363e-01,1.844794772687095019e-01,-1.337305217119109102e-01,3.925223704617053500e-02,-1.707071909463309112e-01,-3.093946785007801736e-01,2.840706965758386104e-01,-1.473504982702777966e-01,-1.774312916811382479e-01,8.671390599536721311e-02,9.277114647979090023e-02,1.408514642360756852e+00,-2.757772998357665983e-02,-1.061759617102289610e+00,2.210752208449662248e-01
0.000000000000000000e+00,-1.397182514517013481e-03,-9.919529776238915006e-04,0.000000000000000000e+00,0.000000000000000000e+00,0.000000000000000000e+00,0.000000000000000000e+00,0.000000000000000000e+00,0.000000000000000000e+00,0.000000000000000000e+00,0.000000000000000000e+00,0.000000000000000000e+00,0.000000000000000000e+00,0.000000000000000000e+00,0.000000000000000000e+00,0.000000000000000000e+00,0.000000000000000000e+00,0.000000000000000000e+00,0.000000000000000000e+00,-7.928144365566625051e-02,-5.123641827506500990e-01,3.529280507825350854e-01,1.982353036956817915e-01,3.087238055193285147e-02,1.729265962417182723e-02,-5.052190104656907946e-03,-2.546215032003740775e-01,6.701287262545855272e-01,-8.954226075434228438e-01,3.371884678502817811e-02,2.904697825202000039e-01,-5.716337129512303328e-01,3.171595296494028049e-01,-2.550139317053366494e-01,7.252037933943045189e-02,1.976808091804347911e-01,9.872801736183420829e-01,3.512680073320727514e-01,-3.603846885162677038e-01,-5.419454408873187745e-01,-6.682779917368383282e-01,-7.985466335074340449e-01,3.207491205253453437e+00,-9.274358155718651631e-01,3.059318527696623935e-01,7.177658969656435239e-01,-3.527129136352136207e-02,4.382121170210042660e-01,-1.185230476029584423e+00,3.562193205078085789e-01,-2.939224844226362432e-01,2.720946688709491301e-01,-6.486706300187843333e-01,2.233342324021310166e-01,1.511880018206190890e-02,-3.682725644409652332e-01,2.603904438354923689e-01,-3.672175931292799289e-01,7.764190904872219079e-01,-9.476182421788188481e-01,1.085539204544676339e+00,7.377616772860529082e-02,-4.214030918046132168e-01,1.189523138429397386e+00,1.391360818555935186e+00,-5.567004082993354253e-01,-2.244387531893318410e+00,-9.936697294476438680e-01,3.759887902840416407e-01,1.087338450379350951e-01,1.325507302435777524e+00,2.093776532049140826e-01,-2.566798449491149992e-01,6.688278579026372128e-01,4.704861701149933850e-01,-8.557208821901407525e-01,-3.540941462060964717e-01,1.487025434788411538e-01,-5.254973628003059005e-01,1.231800821137804647e+00,1.080084311506041228e+00,-2.185595047697606041e+00,-1.483187045404082305e+00,3.318170994271429364e-01,-6.639921434122016963e-01,9.865603932813965526e-01,3.888710918959731311e-01,6.973895913623640030e-01,-7.158526444714767845e-01,4.850461339912386372e-01,-7.258546533547974855e-01,-6.425800337517805216e-01,1.749985762993457733e-02,2.506689973504150903e-01,-2.319106537439027116e-01,-2.297149714899600348e-01,3.757618619964475659e-02,1.509988069686858114e-01,8.608352690306055044e-02,2.070542194006888270e-01,2.285792253654883033e-01,9.116221089333609306e-02,3.455148919019074283e-01,1.710104081026400102e-01,4.658138005332768117e-03,8.326218384990147214e-02,-5.858532264970683912e-03,2.874374550156266750e-01,-1.023908266438988690e-01,-2.162155638358580489e-01,-1.744452671689025181e-01,-4.476013485120322599e-02,2.719304580017478656e-02,1.904979638310106971e-01,9.386076989156788564e-02,-2.683930068574629235e-01,-9.421137955732417080e-02,-4.530052141206819538e-02,-9.754588371101213795e-03,-6.774140735560485460e-03,1.426717074519475714e-01,-4.240367309168213694e-02,-4.024660170355454092e-02,1.385488641960948009e-01,5.173080798714362327e-01,1.456792664516526337e-02,-3.431640792145043140e-01,-1.737106955296623401e-01
0.000000000000000000e+00,-3.179560465896593552e-03,-1.097361471067245797e-03,0.000000000000000000e+00,0.000000000000000000e+00,0.000000000000000000e+00,0.000000000000000000e+00,0.000000000000000000e+00,0.000000000000000000e+00,0.000000000000000000e+00,0.000000000000000000e+00,0.000000000000000000e+00,0.000000000000000000e+00,0.000000000000000000e+00,0.000000000000000000e+00,0.000000000000000000e+00,0.000000000000000000e+00,0.000000000000000000e+00,0.000000000000000000e+00,-3.581038280739463897e-02,-3.361267624072276916e-02,1.157049568218641300e-01,-1.426469362495956517e-03,-5.746575792307489355e-02,1.121277745419271485e-02,4.675121735626414782e-03,-2.114178887584232391e-01,4.622825577423844146e-01,-2.579955648752004227e-01,2.847827859102023962e-01,9.224301102855614332e-02,-2.053992621621858194e-01,5.639255069811551779e-01,-1.055268098432868840e-01,-2.037148107888780424e-01,-1.057492419260752103e-01,7.426620055017283395e-01,1.750894848911299650e-01,-3.696766329839762388e-01,-4.741909528157583487e-01,1.988900249562787770e-01,1.276253892613978813e-01,1.057691046740889540e-01,-6.558909189528339123e-01,7.012647836511187727e-01,-9.855193030439916013e-01,2.515455936757631794e-01,2.065083071774740098e-01,-8.063540586229449580e-01,7.980266124068848832e-01,-4.859300457659796457e-01,3.352916192691133279e-01,-1.182628064879316376e-01,1.225021484935150673e-01,-1.689920959401699063e+00,-1.201790989536266618e-01,1.674981323261128807e-01,-2.833833103773741868e-02,7.101203024415810861e-01,2.864591000171587964e-01,5.549911129395695975e-01,4.650073698337113814e-01,-1.207313054330546032e-01,-5.474334000203802120e-01,1.594413050451556346e-01,-3.072093132713558661e-01,-9.794430946018968243e-01,-3.832772941118967047e-01,3.823522790451578945e-01,-5.106529429712027834e-01,6.563681912954211217e-01,6.080241515730251400e-01,9.378516637493881092e-01,-2.266467291874367240e-01,-1.132521592700061475e-02,7.585469202948798007e-01,-9.491451223532786363e-01,-1.286612541665847820e+00,-2.073204066058078610e-01,-1.430616489339320285e-01,1.439772559717453770e-01,-4.226482838800584840e-01,-8.737005366381944693e-01,3.296396522090678793e-01,-4.389581322707560851e-01,5.045840195392745642e-01,2.345413524759960566e-01,1.334775026409096288e+00,-1.875459517391305786e-01,4.462564944117849430e-01,6.196428347662541469e-03,1.958722082360379035e-01,-2.306189302065068114e-01,9.039427196769100892e-02,2.893871365117206551e-05,-6.323179973257564424e-02,1.519615047273831787e-01,8.050825090098895354e-02,-1.582991607885965157e-01,-5.276907299082345126e-02,-2.668218581857939586e-02,1.827953454700936842e-01,3.409069458515238127e-01,9.859321525793068863e-02,-7.760829789262654876e-02,2.180650009220518049e-02,1.171526979235787969e-01,5.757834965439094510e-02,3.329587759158703086e-02,1.038711611454847805e-01,-1.383056943221153690e-01,8.206539531307549540e-02,-1.674544023697467077e-01,-7.220127627898020872e-02,1.681092075128189922e-01,-1.009879164826663206e-01,-2.427442561760358997e-01,1.398273103661112071e-01,4.073736900720410781e-02,-1.717599332808065205e-01,6.341065708341810103e-02,-3.142112889380339891e-02,1.540591079873651625e-02,-1.827167419102060375e-02,2.883445758119499436e-01,-2.550539645143834466e-02,-1.025368325471496672e-01,-1.113747399930057752e-01
0.000000000000000000e+00,-5.011906424900169736e-03,-1.098479623684458324e-03,0.000000000000000000e+00,0.000000000000000000e+00,0.000000000000000000e+00,0.000000000000000000e+00,0.000000000000000000e+00,0.000000000000000000e+00,0.000000000000000000e+00,0.000000000000000000e+00,0.000000000000000000e+00,0.000000000000000000e+00,0.000000000000000000e+00,0.000000000000000000e+00,0.000000000000000000e+00,0.000000000000000000e+00,0.000000000000000000e+00,0.000000000000000000e+00,3.669186842680545457e-02,2.166922675699073930e-01,-1.667323440859254657e-01,-5.433151679602968298e-02,-6.767551062570172082e-02,3.958062644590162882e-02,-1.386634526747906881e-04,-5.110426942459884297e-02,-1.755009238695139362e-01,-1.638953103318857851e-01,-2.043593335233817587e-02,-1.753755291131533500e-01,-6.976243106843837971e-02,3.558936024320222269e-01,-8.610500369274870502e-02,-1.791734137113097924e-01,1.445975816879729869e-02,2.378485778973025155e-01,-9.206629802923638195e-04,3.322700841330825106e-01,-1.130213169925663452e+00,-1.266364133760466970e-01,-3.018249384451390238e-01,-1.062950979801733364e-01,9.975918765648694730e-02,3.785809995811741935e-01,9.961261832155954288e-02,-4.426118325772001594e-01,7.058115282774737320e-01,-3.890531692014815857e-01,1.317103078421559825e-01,9.048285650866494390e-02,3.241328889788730461e-02,-1.168068903967596217e-01,1.176619832161693191e+00,-6.147081822904560955e-01,1.219378735437964378e+00,-7.428500952594481177e-01,3.221436473288051550e-02,1.870022827394663412e-01,-4.256568840265204656e-01,-9.125706645594851008e-01,-4.831012562437391189e-01,4.285736816115732761e-01,9.776103723438600568e-02,5.915099887571612092e-01,5.448157878360929685e-01,2.099591976663668647e-01,-2.217404764419520502e-01,-2.510907235153332917e-01,-6.277081183159771705e-01,5.965916830597622900e-01,-6.041790217663700613e-01,-2.449374024319872500e-02,7.545607888040928302e-02,4.546296879195117491e-01,1.077959249336468417e-01,-4.173819108519398746e-01,-1.061915299712220540e-01,7.065641915982753263e-01,-8.382007660143216965e-01,8.651636580547239497e-02,3.386570868830495185e-01,1.812991633412337489e-01,2.080028296834738888e-01,-7.561659978793150438e-01,1.086085622109236315e-01,-1.320214449020766789e-01,8.916407781953019640e-01,-1.181177740434993240e-01,4.268994938266337802e-03,-2.764609019296533909e-01,3.131059362339290719e-01,-2.941310937098775002e-01,1.287480400054506480e-01,1.422281769875756163e-01,-2.470878363214102369e-01,1.392768145005630620e-01,-6.512211888014257655e-02,1.078658727465079958e-01,3.205521185736728840e-01,5.548037159920712891e-02,5.638731047835179866e-02,-2.622161021263424985e-02,4.089288916909578075e-02,-1.604928901655289231e-02,3.029659729618328079e-02,-5.180084983992384595e-01,2.776168716186020458e-01,5.396205428332211118e-02,1.124701867848796333e-01,-3.411078592675486076e-01,6.945877010162990195e-02,8.842848875170322698e-02,-1.145721051276408220e-01,2.132990411408070552e-01,-7.487979276074654966e-02,-2.637436788844328417e-01,-3.907160938861181654e-02,1.065371548685936642e-02,-7.368371472069493167e-02,1.229475368145059311e-01,3.029265249119127423e-01,5.761141165810101938e-02,-1.273477294778232738e-01,-1.140882423234054477e-01,7.715638833234879368e-02,-3.782115362506050654e-02,-5.841050430688377731e-02
0.000000000000000000e+00,-6.540662287983703763e-03,-1.154151415181452114e-03,0.000000000000000000e+00,0.000000000000000000e+00,0.000000000000000000e+00,0.000000000000000000e+00,0.000000000000000000e+00,0.000000000000000000e+00,0.000000000000000000e+00,0.000000000000000000e+00,0.000000000000000000e+00,0.000000000000000000e+00,0.000000000000000000e+00,0.000000000000000000e+00,0.000000000000000000e+00,0.000000000000000000e+00,0.000000000000000000e+00,0.000000000000000000e+00,2.245653007331669115e-01,1.146917325792724818e-01,-3.554313108423260426e-01,-1.050296773440057979e-01,9.592671703355079571e-02,2.621384668479676688e-02,3.510266227970884525e-03,-1.905513608405371984e-01,-6.474413461645665002e-01,1.083818755061151107e-01,-1.472034977063799710e-01,6.526532979307120286e-02,2.503930133370224631e-02,6.016166498532296014e-01,-1.718529537701078413e-01,-8.559671114592215524e-02,-1.116907183661863812e-02,8.390748858977945535e-01,1.808358758903009789e-01,-2.724470983000258917e-01,-4.394985736192257852e-01,3.237970873800675997e-02,-8.924809593696332588e-02,-5.007409819762453917e-01,-4.357606403486969926e-01,6.966846697825390677e-02,-3.286141940605156186e-01,-2.777190893186176623e-02,2.152695526418071381e-01,-1.308412249294530483e-01,5.245516210688538905e-02,-3.388372730078459405e-01,4.829180569582447458e-01,2.115696628160783632e-01,5.807924300682076879e-01,-3.314355543376699686e-01,6.888927993872440148e-01,-6.207185609619379069e-02,-9.684024568614837958e-02,1.202596596182852334e-01,4.193343600361675305e-01,-5.380856056066861681e-01,-1.873357439739467833e-01,4.164554380994150984e-01,-3.831131531185753003e-01,4.545403441121842469e-02,7.198616946284153162e-02,-1.225585561122245482e-01,-2.770082899955890188e-01,1.259639261372864638e-01,-3.208979370793365593e-01,6.052556962537318785e-01,-3.406348713201366452e-01,-2.996829263463035575e-01,3.237632474250319303e-01,3.785274707543376804e-01,-2.958318589563163625e-03,-7.242613744735583170e-01,-2.079465543114641379e-01,1.225932535606435891e+00,-7.461365482130125626e-01,4.003921812975302363e-01,-3.199805420305612547e-01,-4.573065939470343788e-01,-4.275226902764187598e-01,-5.241535793181553160e-01,3.650707650784226210e-01,4.695069837253520451e-01,3.272138178746841763e-01,-2.038924545571353386e-01,7.077659354086440757e-03,3.735150994886546894e-01,-1.359644608688199696e-01,-4.009465086988263094e-01,2.653450157112402508e-02,2.387217761169007080e-01,-4.770799713993545410e-02,2.639660102558876176e-01,-2.836699468655646816e-01,-1.330879277599628097e-02,4.223482748884965776e-02,7.971239237341443129e-03,-2.355060519351426240e-02,1.776427460098547462e-01,9.790105652079095222e-02,2.694293060985498145e-01,1.836187899245973476e-01,-5.432915241425140263e-02,6.495175776224904052e-02,-9.563089392736137673e-02,-7.230373580472818085e-02,1.632195621730243573e-01,-2.097441936676752716e-01,1.961122525170924391e-01,3.559415989796466118e-02,-1.310213839512838763e-02,-1.381446334338240489e-02,7.089606304984757967e-03,-9.304315298144927304e-02,-9.212717281665699920e-02,1.714515164778183942e-01,2.131013806141443256e-01,1.444747962418417853e-01,-9.663845567603926434e-02,-2.207869861225844055e-01,-3.094695656832178732e-01,5.003381407017604143e-02,2.308868055723327928e-01,-8.424910992649817243e-02
0.000000000000000000e+00,-7.867874446641665021e-03,-1.230088285558080712e-03,0.000000000000000000e+00,0.000000000000000000e+00,0.000000000000000000e+00,0.000000000000000000e+00,0.000000000000000000e+00,0.000000000000000000e+00,0.000000000000000000e+00,0.000000000000000000e+00,0.000000000000000000e+00,0.000000000000000000e+00,0.000000000000000000e+00,0.000000000000000000e+00,0.000000000000000000e+00,0.000000000000000000e+00,0.000000000000000000e+00,0.000000000000000000e+00,2.486876131976838156e-01,1.202912155646387871e-02,-2.496331817700596090e-01,-1.486907708989813059e-01,1.221971976517283176e-01,1.881010706880158895e-02,2.336127944471466222e-03,1.582045332506492319e-01,1.699908071472885918e-02,-2.698511975681988084e-01,-6.876990655016006204e-02,-9.785601995705256462e-02,1.351000281568991157e-01,1.312536375250649701e-01,-2.948536193422421903e-01,1.131067901843474666e-01,-1.443530277709353937e-03,6.038040727437619937e-02,-1.130699133805313367e-01,3.675358585438494030e-01,8.868022425829880095e-02,-1.461229903974641253e-01,-1.214903558846470166e-01,-5.875772967041362760e-01,-5.283034043438694649e-02,3.300356272536559832e-01,-2.978176248347905730e-01,-1.510899240445602310e-01,2.768417299835453926e-01,-4.115694728682977033e-01,5.197620439598666930e-01,-1.149008517622244208e-01,4.121934789293213441e-02,-5.795868522086541352e-01,-9.946237722920647784e-02,-5.584580252587434401e-02,1.984618219206248924e-01,1.553915656502903309e-01,1.546678545414822414e-01,4.907718791878703524e-01,-5.771467838456595389e-01,-4.860547204677646560e-01,1.872452854664781174e-01,-5.101489439515707325e-01,4.755612643337496781e-01,2.267187910404959705e-01,-1.563837609877603008e-01,5.186764803280339287e-01,-4.173335847607817506e-02,3.485302167501485027e-01,-2.737616276740206800e-01,4.178379535990490168e-01,1.288026412465939352e-01,-1.130205467214417392e-01,-3.421719981451332160e-02,-8.740795369562961992e-02,-7.633897286991297992e-02,-6.556272526895035035e-02,-2.046933875409148174e-01,3.459133249727235349e-01,1.140788986698335616e-01,-2.361203070686563044e-01,-1.074750292463709789e-01,3.133343225808454813e-01,2.643184310483092103e-01,-3.589483438592528941e-01,3.207235439990658854e-01,-6.920352699240642225e-02,-2.951633592596687450e-01,-1.067936666470580276e-01,2.592994228332851647e-01,-2.044803404038583738e-01,9.310824780759044406e-02,-5.209204927367752647e-02,-2.718104279260713518e-02,6.078560209728758879e-02,-5.461485393196494065e-02,4.115961357846341651e-01,-9.062036417030876201e-02,-5.410329739828796669e-02,-8.559818830629917219e-02,1.776867284458524821e-02,-2.195958760532216447e-01,7.298696436268983789e-02,-6.595599750021449714e-02,8.652048372295489953e-02,-1.543233602331879339e-01,1.463263736148828764e-01,-9.933090354566043167e-02,1.213198464703308666e-01,-1.538937490420074494e-01,2.008413234265330194e-01,-1.637719039309320779e-01,1.033496249342119588e-02,8.058803299869984893e-02,1.381849501176853068e-01,-7.147189995050373668e-04,-1.567153519153983154e-01,-1.002431422167393560e-02,3.740708898824968154e-03,1.547109459605466586e-01,1.332583290223637862e-02,-2.794777441229710779e-02,-1.075617235773992514e-01,-1.025246358158941051e-01,-1.873096849278725884e-01,-9.940795608979535736e-02,1.828774201354822493e-01,-7.960459639078099059e-02
0.000000000000000000e+00,-1.002204312439962212e-02,-1.377586319394203665e-03,0.000000000000000000e+00,0.000000000000000000e+00,0.000000000000000000e+00,0.000000000000000000e+00,0.000000000000000000e+00,0.000000000000000000e+00,0.000000000000000000e+00,0.000000000000000000e+00,0.000000000000000000e+00,0.000000000000000000e+00,0.000000000000000000e+00,0.000000000000000000e+00,0.000000000000000000e+00,0.000000000000000000e+00,0.000000000000000000e+00,0.000000000000000000e+00,5.404183722837120618e-02,-3.018644259034700683e-01,-1.687287850608417683e-01,7.101751970616287934e-02,3.377031859785337709e-01,1.024032549258361430e-02,2.996882763207326522e-03,-1.608065124372918542e-01,-1.272725568933033014e-01,1.583616384371244745e-01,3.405923258132280695e-01,3.495678136859464713e-02,-2.937853929703790334e-01,-1.869709900575690087e-01,-2.613540693050654395e-01,2.560561973299406713e-01,2.859680478216807265e-01,-1.010150800089628514e-01,3.021873143572018083e-01,-1.045207761194696661e-01,4.208279032736448322e-01,3.072530072521417743e-02,6.062843056445021972e-02,-8.938247611236755930e-01,-4.010157515605279333e-01,-1.387530474333904529e-01,3.248029675426048479e-01,-5.414200549872770774e-01,1.125573299475882028e+00,-1.168574047827151269e-01,-3.219403786153410829e-01,-1.393576804349880849e-01,-3.782651595492325658e-02,2.525335056473483886e-01,1.243052388178358530e-01,-1.729093851467519705e-02,-3.610366934557072693e-01,4.527501450629088375e-01,-2.762406079195386943e-01,-1.795657134356343776e-01,-7.719868761838644122e-02,7.291511555751306606e-02,2.147234887293142935e-01,-4.332488360289036833e-01,3.995648627556244725e-01,-1.926483322707322476e-01,-1.030684284221111691e-01,7.005393148138361337e-02,-1.754875575912492325e-01,2.507572803540836226e-01,-6.127116454068659568e-01,5.215190317384146290e-01,2.012298807255670230e-01,2.388205804608420635e-01,-1.095716141451145986e-01,-1.878811402161245647e-01,3.522237391078726909e-01,7.785723613260589482e-03,4.899570625626443188e-01,7.541223825552112459e-03,-4.340465601389613681e-01,-1.993885873707990641e-01,5.957573171929401168e-01,-7.236852833771658666e-01,-3.964612233754193360e-01,-9.058120064240577918e-01,3.572897399238295080e-01,5.445235360819606907e-01,-6.811680916235662853e-01,-8.908202167759560197e-03,3.248935405412185506e-01,4.323231705879964082e-01,5.195212567528679770e-01,2.813644622356238356e-01,-2.499881661664937749e-02,-6.842761517114270831e-02,-2.158831377018299580e-01,4.570796692059405086e-01,-2.304218333073054792e-02,1.340395335582294511e-01,-1.456202553016190948e-01,-1.601413301584733162e-01,-2.023807316464514283e-01,1.944144259444350875e-01,-2.405087664921912172e-02,-5.881838644951821460e-02,-8.378448912303645968e-02,-5.141888513175121855e-02,3.411130527187712647e-02,1.875519738479422549e-03,-3.178085280019764536e-01,1.608231861360851500e-01,4.899232834992239827e-02,1.328485198590133309e-01,3.079534428495769166e-02,9.852885350311518797e-02,-1.926482369547695139e-01,-1.966588892584941184e-01,-1.548905787053966865e-02,-9.797518908591817954e-03,2.802525745328310336e-01,-1.041851103526236499e-01,-1.790348874008042546e-01,1.285198422535498985e-01,-1.645827437635695722e-01,-4.839753670631679050e-01,-6.865237838731608200e-03,6.950496929897717058e-01,-1.223384611529326760e-01
0.000000000000000000e+00,-1.254337237892275483e-02,-1.180295801474013717e-03,0.000000000000000000e+00,0.000000000000000000e+00,0.000000000000000000e+00,0.000000000000000000e+00,0.000000000000000000e+00,0.000000000000000000e+00,0.000000000000000000e+00,0.000000000000000000e+00,0.000000000000000000e+00,0.000000000000000000e+00,0.000000000000000000e+00,0.000000000000000000e+00,0.000000000000000000e+00,0.000000000000000000e+00,0.000000000000000000e+00,0.000000000000000000e+00,-1.277439964877368772e-01,5.402212907758571769e-02,3.776051771614770403e-02,1.208549676708699921e-01,-2.849353540127458340e-02,-5.323664187739660797e-02,-2.374021893840083143e-04,8.433226049916449710e-03,-2.941402908964433835e-02,1.180797738624383558e-01,3.075171389060012972e-01,-5.931316427599986341e-02,-2.996199287032401681e-01,-5.075378084493094299e-02,-1.857551315075765819e-01,1.745826528296157143e-01,3.570734228971986224e-01,1.152124464955816552e-01,-1.202827816695400953e-02,-7.635398916175817341e-02,-3.350271732882919573e-01,1.606119234568663401e-02,-1.193027032210184080e-01,-2.361812768018816677e-01,1.050123191572792936e-01,-2.550209548843132001e-01,-1.936556721140173520e-01,-1.369193496844437474e-01,1.110051734641069876e-01,4.875977193744196470e-02,1.584525240302969706e-01,1.846700149127872281e-01,-1.986126479715882853e-01,3.011363843635325166e-01,3.705750564822779536e-02,-3.806459420316216646e-01,-2.250009285046873364e-01,2.518621903381482174e-01,-3.964313581167893674e-01,3.898522985773822391e-02,4.900989560829672187e-01,2.106944775333823849e-01,-6.261069632040693334e-01,4.107282828800806751e-02,2.093015140718357259e-03,2.546741495157833768e-02,2.004613056987888386e-01,-8.570564419491484287e-01,2.300327837717890400e-01,4.464213401672797454e-01,-3.919055552896538730e-01,4.202122309998257421e-01,8.141558460239317618e-02,-2.592392003685000113e-01,7.314733494599434671e-02,1.332429470907807723e-01,2.407630545658585586e-01,-6.067325441038422529e-01,3.090047443177397213e-01,-5.750013509502449605e-02,3.006305247723730090e-01,1.203612833173443586e-01,-8.893248187373953284e-02,-3.822279323694346975e-01,2.170674397943985756e-01,-1.023233651751022100e-01,2.790329904178260323e-01,7.086991909330082606e-01,-1.742936228586544345e-01,-7.129170406239515589e-02,-3.580185889185868442e-01,-5.023444087514999934e-02,-8.903447080740439779e-02,2.351706446756413049e-02,1.963856098075553169e-01,1.334793932580638498e-02,-3.213134217776633106e-01,1.430729879304745711e-01,-5.999148037400864331e-02,2.340153328655021348e-01,-9.708196865761820060e-02,-8.738072370520977294e-02,2.858789898820518482e-02,4.120707498266052982e-01,-1.155827936482923535e-01,2.511419150452644244e-02,-9.217064324686831400e-02,-2.036560043230253858e-02,2.619620647375572875e-01,-3.464646235429764964e-02,-9.621161122521863784e-02,2.503866003318029332e-01,-6.795229185724235843e-02,-1.070470534624671510e-01,-2.705496201183665156e-02,-3.775785797878884048e-02,9.603637685568837401e-02,-1.820400103897039656e-01,-3.971012242040897200e-02,1.752957134637962988e-01,2.507391297633363991e-01,-4.456403663449037822e-02,-2.590376307513684306e-01,-3.519519117758679316e-02,-2.536387794871102219e-01,-1.107200382353897283e-01,1.325779525437388862e-01,3.904828153737057161e-01,-2.454014527123996592e-01
0.000000000000000000e+00,-1.196923101084606048e-02,-1.108785739589688473e-03,0.000000000000000000e+00,0.000000000000000000e+00,0.000000000000000000e+00,0.000000000000000000e+00,0.000000000000000000e+00,0.000000000000000000e+00,0.000000000000000000e+00,0.000000000000000000e+00,0.000000000000000000e+00,0.000000000000000000e+00,0.000000000000000000e+00,0.000000000000000000e+00,0.000000000000000000e+00,0.000000000000000000e+00,0.000000000000000000e+00,0.000000000000000000e+00,4.748716526277398098e-02,-1.253297014184823477e-01,1.422053450918683293e-01,8.202142690951605419e-02,-1.147849842442516394e-01,-3.040789595253799368e-02,-3.661343871118663378e-03,2.830579450083840487e-01,-2.281303755976138437e-01,-2.101448442009074685e-02,3.441125550468576016e-02,1.092116590141856969e-01,2.169901156384784757e-02,3.771938436750776891e-03,-3.200051557564030924e-01,9.356994916609176483e-02,1.015184796134834949e-01,1.091565931668270067e-01,-1.186504351017626246e-01,-1.118971304619159612e-03,5.502060062900667736e-01,-1.581455059487861248e-01,-5.656628333797244501e-01,7.514802425560490606e-03,6.108153283526135402e-01,3.721315220390830625e-02,-1.448045644207531790e-01,-4.395989567713331492e-01,9.241106738289651679e-01,-1.189615009287888769e-01,1.440711855077501102e-01,-2.885461834125628844e-01,-1.441065481302641338e-01,9.041046691453002992e-03,-1.325165253809112986e-02,-2.617353052729999296e-01,-7.914958998790819211e-02,-2.718940047414164507e-01,2.548274257741932614e-01,-6.090426783723189574e-01,7.516557385897931765e-02,9.820374490293021230e-01,-2.857597171108567924e-01,3.675473390165026055e-01,-6.406935055248471622e-01,-1.920221975252476843e-01,-1.525323778351881931e-01,2.671183046676250394e-01,1.776624529269806851e-01,-3.449264354675740663e-01,-4.453473280057121952e-01,2.201534108341067775e-01,-1.402823959305499191e-01,-2.481485692935931908e-01,2.102168297493087756e-01,-9.745222474021875136e-03,3.874500666892638501e-01,-4.691072041451584962e-01,-2.095965647932285236e-02,-3.900934708805856577e-01,4.414712260122952703e-01,2.227973278308991167e-01,-8.157094086149746515e-01,2.598037174528666782e-01,9.754062704472539203e-01,6.893740171428636154e-01,3.527568983114833800e-01,-1.933413243465013087e-01,-5.002861594915397614e-02,-3.030647326019669796e-01,5.388054245868915126e-01,-6.392632955447519194e-02,-2.083906376976681907e-01,-5.190101154130599692e-02,-1.235562977986774946e-01,1.708065034688832640e-02,-3.198519607928925756e-01,1.389773344197450800e-02,1.557432929021393408e-02,-1.841149424345656094e-02,5.893570423455957163e-02,1.909258281085943199e-01,-1.780945213695465656e-01,-8.653957227613318093e-02,4.205728132394392915e-02,-3.032155484015591207e-01,-3.342337987441520997e-02,3.147926695550234966e-02,3.989909461490485226e-02,-4.587104068248967076e-02,7.463680862023168439e-03,2.232258859633911435e-02,5.022078876686385945e-02,-1.879079817405141656e-02,-1.608424971554731076e-01,4.625159959226896045e-02,2.775517441304454214e-01,-3.522915104740912406e-01,-1.394604822206098604e-01,4.415564143257866281e-01,1.419780178845850560e-01,-1.453034070993862725e-01,-3.198693743058602657e-01,1.182505784835834739e-01,-6.878788402110616595e-02,-2.826289124937980679e-02,-7.750730370700523175e-02,2.015922763792086236e-01,-6.622186920819723988e-02
0.000000000000000000e+00,-7.037759831662172491e-03,-1.264459119406909169e-03,0.000000000000000000e+00,0.000000000000000000e+00,0.000000000000000000e+00,0.000000000000000000e+00,0.000000000000000000e+00,0.000000000000000000e+00,0.000000000000000000e+00,0.000000000000000000e+00,0.000000000000000000e+00,0.000000000000000000e+00,0.000000000000000000e+00,0.000000000000000000e+00,0.000000000000000000e+00,0.000000000000000000e+00,0.000000000000000000e+00,0.000000000000000000e+00,1.599655387470502385e-02,7.443193108652620960e-02,-2.157030016154406482e-01,-3.440996719917485680e-02,1.395761189473533337e-01,2.155619789001424549e-02,-4.587261813928987172e-03,1.434409557892649990e-02,-2.189035625823712861e-01,1.085872786864831852e-01,-1.279650007788410981e-01,-8.755394418602971407e-02,1.561220263793193785e-01,-1.578726428160234785e-01,-1.151323366603490550e-02,5.444670568630771701e-02,2.575836651959756418e-02,2.338124814040087041e-01,1.763328426557869699e-01,-1.545428734074191790e-02,-3.289959363366354306e-02,4.084350139495585008e-02,-5.512151196565798217e-02,5.541043028937365778e-01,-1.838775749585241925e-05,-1.764290413063776541e-01,-4.336860380096663192e-01,-1.327431623617719714e-02,2.430313206710749685e-01,1.604366914698835411e-01,1.521587525306369315e-01,-4.657732920398272025e-02,-4.341198910219998819e-01,-4.712666531314833179e-02,-2.669083746305234150e-01,5.444948629920358663e-01,3.646992356649159661e-01,-3.661616426924063639e-02,-3.439506353490713320e-01,2.110985365175743755e-01,-1.151886308004920201e-01,2.286053053500254340e-01,4.528078625054875461e-01,1.560563624071455990e-01,-9.123529244994009746e-01,1.867197452733645457e-01,-2.251173082061769248e-01,-1.646224144068524908e-01,2.400266906150244628e-02,-6.536999132634973009e-01,-6.027038266771760355e-01,3.173265525850453850e-01,-2.426623994034901033e-01,-1.647306895738314125e-01,2.271616470947350752e-01,2.530158979459639079e-01,3.133979599809101346e-01,-2.615538100586529691e-01,1.233242442755879686e-01,-3.456149640367481846e-01,4.501593903179777478e-01,-3.180238257226269960e-02,2.879414563094203627e-01,2.898415819544052918e-01,5.993107568446909283e-01,1.113851819659532616e-01,4.066701891345114728e-02,-3.694971536619207075e-01,2.030399971453300534e-01,-2.428403974981974134e-02,-1.671551129819598414e-01,-1.271915759989066808e-01,-4.647684246361649674e-01,6.037386624850332728e-02,-1.336615656271011032e-01,1.571168397156019192e-01,-2.142874334887068799e-01,-3.065360513194840264e-01,4.173737088212636781e-02,1.267118107412454897e-01,1.167536754571501800e-01,-3.602918158863441245e-02,2.422786846609792932e-01,8.223495496329262522e-02,-3.063103282367482527e-02,-3.138544774125285874e-01,3.438672505982628413e-01,1.952446144240498060e-02,-2.476493499434149204e-01,3.928373923667904943e-03,3.378719393916418401e-02,9.224656531403585547e-03,-6.122493471883688754e-02,1.705444112768649823e-01,-2.464001278442468079e-01,5.412432680142267860e-02,1.829146120321451241e-01,-3.807674582208986358e-03,-2.149870600128028497e-01,4.655843147552182759e-02,2.450407830470210380e-01,-1.581432003599717306e-01,-2.404007698093289791e-02,8.222270227843236912e-02,-1.568963911847031378e-01,4.948918094736892703e-02,3.508913941637777090e-02,1.285950833981574504e-01,-2.550880031942027171e-01
0.000000000000000000e+00,1.506527230539456575e-03,-1.362914737513854467e-03,0.000000000000000000e+00,0.000000000000000000e+00,0.000000000000000000e+00,0.000000000000000000e+00,0.000000000000000000e+00,0.000000000000000000e+00,0.000000000000000000e+00,0.000000000000000000e+00,0.000000000000000000e+00,0.000000000000000000e+00,0.000000000000000000e+00,0.000000000000000000e+00,0.000000000000000000e+00,0.000000000000000000e+00,0.000000000000000000e+00,0.000000000000000000e+00,-1.369649558284831425e-01,-4.035692744654068020e-02,-1.217936668134434186e-01,7.218524266850692706e-02,2.274891286851496996e-01,4.171579581517051438e-04,6.492142625336126422e-04,1.049298502192614752e-01,6.851728382485711144e-02,9.821415006345862730e-02,-9.238074098524637345e-02,2.345440387805510507e-01,-9.175817546281550552e-02,-1.348359812218983822e-01,4.289866275989498434e-02,2.310797260352634164e-01,-1.016832450472743288e-01,-1.203334001227122085e-01,3.095756882230804585e-02,-7.491772846464128666e-02,-3.008146889542925861e-01,2.290303588877232177e-02,3.334310881063955456e-01,3.380607305035944199e-01,-2.130594815259557184e-01,8.003237193250639647e-02,9.633556229905482216e-02,-2.754718356927424727e-01,1.695564119312663598e-01,-1.641122826688822256e-01,2.283804447930261050e-01,1.218211702874372193e-02,1.765036671876958341e-01,-8.958187286436380958e-02,-2.361227603418828980e-01,5.383774612490970224e-01,-6.486370618807479893e-02,7.316430299277354443e-02,-1.847032705436946198e-01,4.218085217410445509e-01,-4.283570139257388831e-01,-5.733191825862669067e-01,4.750826844959440964e-01,-1.824469875626498205e-01,3.411762516216640395e-01,-3.970492793574997847e-01,1.619372409643611288e-01,2.383303587239348209e-01,1.849609601149249105e-01,-1.458278538623177800e-01,-4.912846942289702534e-01,1.774085528975699599e-02,2.338202669179636484e-01,-1.803972212125990460e-01,1.661369019528707858e-01,-6.442078311883694397e-01,-8.287737676224052330e-02,2.239657647196062196e-01,6.661487417833618363e-02,-5.317871962570982491e-01,2.383986301565566568e-01,-2.390052856378576118e-01,6.715362256493145887e-02,9.239043025639814832e-01,2.389531669118560853e-01,-3.786540999886767178e-01,-3.130670747858403935e-01,-1.529387609450572894e-01,-2.170114408440528692e-02,7.829059106809641011e-02,3.550536948793606151e-03,2.123146463271943785e-01,6.928269458407743109e-04,-9.530754138335811865e-02,4.869738530426270806e-02,1.990363400110817249e-02,-2.004153301137495125e-01,1.026548701142470515e-02,1.954159807266095394e-01,1.356803787694085550e-01,-3.257297049207030781e-01,-1.231053629277918393e-01,2.874664841053184428e-03,1.588781794994645891e-01,-1.404535442403778145e-01,-5.852725118385304626e-02,1.203607746979220572e-01,8.681541492768449220e-02,-9.354733525629996271e-02,2.267015709868772100e-02,-4.051916232007952978e-02,1.146786193082269673e-01,-1.906631048307024512e-01,4.107267099146112710e-02,-1.056198291157450092e-01,2.226418978027525086e-02,7.469616883255872364e-02,-6.528667805944521341e-04,-3.767375430121092106e-02,1.564676790415374108e-01,4.055561582500528950e-02,-2.229578574998985485e-01,-4.283937828976389084e-02,1.108362302503060892e-01,1.123420396983592084e-01,-5.343307306208434221e-02,3.427131561540708998e-02,3.148523269809931635e-03,-9.084140466938830927e-02
0.000000000000000000e+00,7.514932519711225653e-03,-1.087179053827799172e-03,0.000000000000000000e+00,0.000000000000000000e+00,0.000000000000000000e+00,0.000000000000000000e+00,0.000000000000000000e+00,0.000000000000000000e+00,0.000000000000000000e+00,0.000000000000000000e+00,0.000000000000000000e+00,0.000000000000000000e+00,0.000000000000000000e+00,0.000000000000000000e+00,0.000000000000000000e+00,0.000000000000000000e+00,0.000000000000000000e+00,0.000000000000000000e+00,5.297523916079768108e-02,2.330701086138725342e-01,-1.482937511299327327e-01,-4.427566082090947375e-02,-9.056689298148411227e-02,4.208581013708185062e-04,8.606970698529517461e-03,-9.094786501416932123e-02,-1.717873579329221023e-02,-1.120747195494653514e-04,-1.089973298243574612e-01,5.918439234058842091e-02,-4.217468419264152613e-01,1.325518414229076014e-01,1.352573017170491942e-01,2.409565566397375291e-01,8.623044696994038028e-02,1.811349723629623043e-01,1.571123825222921211e-01,-2.441415732846714537e-01,-2.500905207925002705e-01,-1.064655299434940916e-01,2.728257454025741491e-01,-3.065511203334481127e-03,-5.322621868939667600e-01,4.436488007840921899e-02,1.831357519414169022e-01,1.245142262419687285e-01,2.006810240967671355e-02,-2.002557701502840071e-01,-1.362238464079610356e-01,1.485336695842490173e-01,1.488589967835485250e-01,2.728164040020841785e-01,-6.078637104802712965e-02,-5.597442547898505427e-03,1.412453225560265091e-01,-2.768853025789737576e-01,6.481043239653603294e-01,-3.517525272604251629e-01,7.741925314448627748e-02,-1.636820678318062772e-01,-3.506574112646829167e-01,3.834743745381577473e-02,2.793647148670505564e-01,3.974525526704224543e-01,-6.587360915445872322e-02,1.314586334064865580e-01,-8.368972873602931184e-02,1.160996944377049589e-01,-1.555767719174638852e-02,-1.855008721655470039e-01,-2.716692409798565633e-01,1.258089923653670783e-01,-3.900710463431121822e-01,-7.334546581180312330e-02,1.809618952814683046e-01,6.854215452757355109e-01,-1.307722629799709102e-01,1.289637731772763640e-01,-5.025121547671476119e-01,1.477678396970408536e-01,2.649311808494609899e-01,6.377725142298786842e-01,-9.791437711819137579e-01,-4.277319229908274067e-01,-1.622268750373428992e-01,1.970218801899558669e-01,-1.290540858673420721e-01,2.526898019121129879e-01,-6.029141670000526254e-02,-1.409238357464707159e-01,4.119972471584203433e-01,-3.372779030012221235e-02,-5.783784236955263891e-02,-1.556449675315135783e-01,5.362253167561033262e-02,2.758040419199733195e-01,-3.193542077972050253e-02,-9.081427821867125993e-02,-2.652345624619028008e-01,7.367914256552005048e-02,6.077456740266579116e-03,-1.897964663274166186e-01,6.369599406535861319e-02,2.806414243600602321e-02,3.482412101161308504e-01,5.667763326511393585e-02,-2.821687082920899536e-01,-1.319415880575345035e-01,1.787734385412571569e-01,1.639166842220994846e-01,-6.855414286992615736e-02,-3.435987609239687240e-02,-1.149967370879590722e-01,4.172649995243501997e-02,-3.016036686910862283e-02,2.392650196777709737e-01,-2.115172722490801793e-01,-7.650823868991105114e-02,2.902774364703447629e-02,1.263275523749283202e-01,-2.160299525854932901e-01,6.263635444796414320e-02,-7.465789245877874070e-03,1.109470826219733086e-01,-5.560083518389712098e-02,-5.707006236997223814e-02,6.642982132789476690e-02
0.000000000000000000e+00,4.913160434687461123e-03,-1.536998491797140261e-03,0.000000000000000000e+00,0.000000000000000000e+00,0.000000000000000000e+00,0.000000000000000000e+00,0.000000000000000000e+00,0.000000000000000000e+00,0.000000000000000000e+00,0.000000000000000000e+00,0.000000000000000000e+00,0.000000000000000000e+00,0.000000000000000000e+00,0.000000000000000000e+00,0.000000000000000000e+00,0.000000000000000000e+00,0.000000000000000000e+00,0.000000000000000000e+00,7.936814679376244519e-02,-2.460092306237326998e-01,1.732885518946470638e-01,1.572231259136879222e-01,-1.435661454404415782e-01,-1.187981668358733742e-02,1.573264188805116245e-02,-7.737979753414500617e-02,-2.482636690109139010e-01,2.775166241482049934e-01,-2.199040959992838440e-01,1.439432581742669526e-02,-3.457859860072713953e-01,4.115404018521812146e-01,-9.927680791203960520e-02,1.874781001731218311e-01,-3.634381445240711384e-02,-1.045411527706151117e-01,1.030717410515869792e-01,1.433535032362592831e-02,-1.183156487062285989e-01,1.479040826623607141e-01,1.263731363262874663e-01,-3.623177201647571621e-01,3.272749090306236730e-01,1.863252615993709130e-02,1.588820613742116805e-01,1.281098679796474626e-02,-5.390433794285809377e-01,1.545715766834975802e-01,4.030930873166149730e-02,4.603551152072979380e-02,1.233271298072017019e-01,5.698692154747821148e-02,-3.423985561425238466e-01,-3.295723781333601554e-01,-1.645453804123531150e-02,-2.023202229098752802e-02,5.500439326446837640e-02,8.820954195123420494e-02,7.226796284548414606e-02,1.531484548279342661e-01,-5.244774473185881414e-02,1.924638903646955501e-01,1.467727073759135803e-01,-3.869724596989834037e-02,3.808696808512561094e-01,-5.839448437482188670e-01,-2.264410928897078179e-01,4.156419277180512517e-01,5.861136579419230497e-01,-2.745162409551503702e-01,3.168625117709950034e-01,2.700787266050079793e-01,-3.123266841082693590e-01,-3.935393330155160796e-01,-8.763551845430028742e-02,2.649569377120180591e-01,1.951749726606566426e-01,3.837546164554983541e-01,-2.736747646357764463e-01,-5.533421890207657068e-02,3.083916634437526838e-01,-5.763766421575899912e-01,-6.112000300303941369e-01,-2.399268179426750081e-01,3.100645982469471540e-01,3.534086712910472494e-03,-5.582743525546887686e-02,7.940878162800513174e-02,1.515178074489754723e-01,-2.047799405739214040e-01,2.517453747460052238e-02,1.194533903067290376e-01,2.607896941884808167e-02,-1.565008150210478177e-01,-4.790939706915758878e-02,2.306605379273233836e-01,4.635200576638833642e-02,3.185165294041416573e-01,-1.513159217128984269e-01,-3.356054258788465638e-01,3.296617260562453855e-02,-1.018819255194411411e-03,-4.946860129920103988e-02,-1.532027005367198325e-01,2.423317405931473822e-01,1.661086071496821748e-01,-1.966519765415909726e-01,-2.093571461383145205e-01,1.974075246363637404e-01,3.378379784531504448e-02,2.784471170175550903e-03,-5.316786285553115610e-02,-2.087056180042370923e-02,2.603361510422170233e-01,8.644062578540601116e-02,-7.226306286496637921e-02,-3.035566400980888591e-01,-6.577625436212866661e-02,2.069815100359594928e-01,1.360322622270410675e-01,-1.786894972806603032e-01,3.606157755114439145e-02,-3.247409388065844449e-02,-5.228320463313529398e-02,-4.241088140858839672e-02,1.474873969518820105e-01,-7.243351452326907136e-02
0.000000000000000000e+00,-2.341970171039901068e-04,-1.240673756565567653e-03,0.000000000000000000e+00,0.000000000000000000e+00,0.000000000000000000e+00,0.000000000000000000e+00,0.000000000000000000e+00,0.000000000000000000e+00,0.000000000000000000e+00,0.000000000000000000e+00,0.000000000000000000e+00,0.000000000000000000e+00,0.000000000000000000e+00,0.000000000000000000e+00,0.000000000000000000e+00,0.000000000000000000e+00,0.000000000000000000e+00,0.000000000000000000e+00,1.177257438973475104e-03,2.090444152194200281e-03,2.139298644257482847e-04,-1.886790732572819415e-03,6.705696455220006361e-05,5.449406928448173766e-04,-5.882476466364972446e-04,3.187484351833927854e-04,4.877692789856802671e-03,-3.596716145819995204e-03,3.466116232824346163e-03,-5.029849506003653339e-03,-4.096559112510675307e-04,-2.825964356163714010e-04,-3.052012603610482124e-04,3.452313016181317177e-04,1.135674804848407684e-03,7.723174782152978854e-04,1.251287903803198747e-03,-2.600873918215290334e-03,-2.604821442112766321e-04,-1.147200217978324322e-04,2.691016295567883170e-04,3.038017835745319365e-03,7.173297840365448590e-03,-1.114975908711770408e-02,9.799416830504432616e-03,-7.987143777499733366e-03,1.217212347451268779e-03,-1.011492157315459391e-03,3.641718716969450341e-04,1.733483376730449860e-03,-2.887881386389647836e-04,-1.560716185747355184e-03,1.329148066209310218e-03,-2.179642084276615932e-03,-1.353832953878005788e-03,-9.147267025691420070e-05,-1.092455988170092183e-04,1.344132355724974486e-03,-1.018707514510326043e-03,1.180573493520073632e-06,6.597416434349677797e-04,-8.608002424863516345e-04,3.665444592259927423e-04,5.372071919478729014e-04,-3.336250298148187368e-05,-6.809397144402093384e-04,1.265557367365703883e-03,4.381947261207987283e-03,2.006745512541163040e-02,-1.780793696825528488e-02,-4.997592546143994965e-03,-1.157805955166481097e-03,2.436395572025361594e-03,8.244667100116131325e-04,1.004139763138666222e-02,-1.511687818311005516e-02,-5.652530247312302376e-05,-4.543525645401676953e-04,6.790465714891810549e-04,8.751215436469686687e-04,3.241904201877190625e-04,-5.100317795585316422e-04,1.663249293756957452e-03,5.541759366874239590e-03,8.081876879230358648e-03,6.519504262355729773e-04,1.304478765790956230e-03,-1.062304055905848726e-02,-2.350844895487391208e-03,-2.475336584791053979e-03,6.853028844013668575e-04,7.997211967210393971e-04,-1.838810442487986974e-03,2.519180625922286428e-03,1.708662877168752245e-03,-3.112838286046767586e-03,2.873838407221928140e-03,-1.795220744708486867e-03,-1.225122044933783620e-03,9.135341168611012252e-03,-1.182489668065760807e-03,5.586406957846443144e-04,-3.520822071185879948e-03,-6.620615388874279833e-04,-4.083672406638174518e-03,-2.182625668074094846e-04,5.124854956639126290e-03,2.154508767007415337e-03,-7.424848292962487120e-03,-1.085902532702890614e-03,-1.391157299540958514e-04,3.532418637312684673e-03,8.625804084933710175e-04,-6.819647959398020959e-04,-6.914392822827729670e-04,4.262275138966357783e-03,-1.433761138003752933e-03,-3.912542148020102008e-03,5.878525381877979655e-04,-9.975285849144433989e-04,8.983736164742978786e-04,1.675239389791944623e-03,-3.201845736503667987e-03,5.749783947090881045e-03,-8.015701724610416884e-04,-4.526948256665420944e-04,2.860929295730349833e-03
0.000000000000000000e+00,1.868821989725887077e-04,-1.013027195727848537e-03,0.000000000000000000e+00,0.000000000000000000e+00,0.000000000000000000e+00,0.000000000000000000e+00,0.000000000000000000e+00,0.000000000000000000e+00,0.000000000000000000e+00,0.000000000000000000e+00,0.000000000000000000e+00,0.000000000000000000e+00,0.000000000000000000e+00,0.000000000000000000e+00,0.000000000000000000e+00,0.000000000000000000e+00,0.000000000000000000e+00,0.000000000000000000e+00,1.225321245454970938e-03,1.925681928935359241e-03,-6.442338618933190000e-05,-2.190672250968816320e-03,8.461507928958264101e-04,8.403368288264893328e-05,-6.575938986555923682e-04,1.610605214420199674e-04,4.241968249589388694e-03,-2.723746159842412289e-03,3.310228870546546003e-03,-4.309004050638720607e-03,9.732990659955934910e-04,1.211342539509472488e-04,-8.113246265898672177e-04,4.895250486404729290e-04,1.240064551109886816e-04,-1.417118303758744917e-03,-4.150354532252354582e-04,1.618963802413357720e-03,-9.389893445251120980e-04,-6.478989895234431610e-04,-4.372933342560902025e-04,1.372577771174337971e-03,2.565740149697411966e-03,-2.633755666739321516e-03,4.150935458992702047e-03,-5.338787667473880207e-03,3.171573781857480248e-03,-2.342441922523011769e-03,-2.534193232816032634e-05,1.034891652681781040e-03,-2.084083909862340447e-04,-2.367142496317452445e-04,1.116046055250417401e-03,-1.292957309607409549e-03,-1.279020296042368207e-03,-3.200257614644906232e-04,9.159437026909166392e-05,-1.899148154666743956e-04,3.145439552751011828e-04,1.888374854848145785e-03,-2.023951799983065430e-03,-2.107998246213844268e-04,3.916824122359947652e-04,-3.067530632123072372e-05,-5.056312739581953061e-05,-1.152384706986293080e-04,4.212613098444138726e-03,2.280998467108475911e-02,1.169246374735379707e-02,-2.567401843250171831e-02,-1.211277638870218026e-02,-7.927159196968778338e-04,7.272445222686554521e-04,-2.319467378622530867e-04,1.338022466675960588e-03,-1.261379605776553458e-03,-3.228477744942730978e-04,-6.523973217730361486e-04,7.353244522542711241e-04,3.305236461548125915e-04,-8.371854473498993674e-04,5.628613817456067005e-04,2.022412440713752292e-03,-6.908732849679162860e-04,-1.153572683946009914e-03,7.781136634944936167e-03,-4.197286009424624001e-03,6.316982894326913373e-05,5.410099032020211814e-03,-6.719874315910321153e-03,-1.749229571757664149e-03,1.322532799415423793e-03,2.150895864011812941e-03,-1.125908775515526913e-03,-5.057765718767099315e-04,-5.504759222293913005e-04,-2.417543043608584054e-04,4.512475610311914020e-03,1.787217401144759570e-03,1.877107197643177253e-03,3.494409934684613098e-03,1.393185587030882321e-02,-1.052866996969031160e-03,-2.128662338599734971e-02,-4.137234926221739981e-03,2.798904322262361390e-03,-4.604531509984849738e-04,-1.293637760402100920e-03,-3.952059530204542551e-05,-1.089088775486557773e-03,-2.037437854644978501e-04,7.134141464434614124e-05,1.824788512784308219e-03,-1.918905200939658405e-04,-2.009533681017021834e-03,5.669167105627533759e-04,-3.806587672332080365e-04,8.957043837699042981e-04,-5.566331314047093335e-04,3.000839124190852851e-03,-3.563414400796348358e-03,2.543769127762116403e-03,-2.690129836287846569e-03,1.625166876317848084e-03,1.259381786689439675e-03,-2.949134867654134694e-03,2.959469568327685422e-03
0.000000000000000000e+00,-3.649843871042484506e-04,-1.809790158659864683e-03,0.000000000000000000e+00,0.000000000000000000e+00,0.000000000000000000e+00,0.000000000000000000e+00,0.000000000000000000e+00,0.000000000000000000e+00,0.000000000000000000e+00,0.000000000000000000e+00,0.000000000000000000e+00,0.000000000000000000e+00,0.000000000000000000e+00,0.000000000000000000e+00,0.000000000000000000e+00,0.000000000000000000e+00,0.000000000000000000e+00,0.000000000000000000e+00,1.838238053844190242e-03,-1.248130166145397209e-03,-2.671870687013546113e-05,8.274760943366355663e-04,1.498599657627566317e-03,-8.658936836717970841e-04,-1.041923930961691572e-03,1.850321772375073878e-03,6.873741193676388347e-03,-5.930145770185431438e-03,3.163617113928471336e-03,5.333994737563186629e-03,-9.253704896982999778e-03,-9.425708967450065895e-04,1.783980594782874976e-04,-1.064507258337137399e-03,1.663390338097540250e-03,2.139983813667626841e-02,1.145719622299447293e-02,3.378221666894653391e-02,-6.793404985658473005e-02,-8.575712921233232585e-04,2.263719253818238537e-05,1.761806328350695467e-03,-1.230980097923454510e-03,-5.733256469848892374e-05,1.217108477910266865e-03,-1.951657613927190640e-03,1.474170706196230307e-03,-1.553240730409741806e-03,2.520578125930456699e-04,6.562986477928907641e-05,1.664599800174710025e-03,1.884887916662704097e-04,2.553812900576897266e-03,-3.718209750230182763e-03,-2.040596592748921984e-04,-5.690936319413513605e-04,8.529938365346321702e-06,2.243612191382287919e-03,-2.146052680150566799e-03,6.439379965551392162e-04,-1.124926422003736260e-03,-4.919958799725490466e-05,5.268766023471896116e-04,1.707057190401359281e-03,-5.229908885170367252e-04,3.092692655825462697e-03,5.077136391851242748e-03,-8.817264050662328503e-03,4.849258828951937862e-04,4.821031054083623792e-04,2.482336871059725135e-03,-2.156974629616780891e-03,1.220287559976293915e-02,1.173776415413834706e-01,-9.531129985837052954e-02,-3.469197845065646185e-02,-1.315686528909725417e-03,-6.109421630584555788e-04,1.945756845448515975e-03,5.638718279668184473e-04,-2.337528094888054186e-03,3.026909902804680343e-03,-1.619062581977490393e-03,-9.671940693816638221e-04,7.455416999901938024e-04,5.274888498453017723e-04,-3.211329601275308802e-04,-1.112217735947545506e-04,2.321709554243312195e-03,-1.429357909155726421e-03,6.303206649826932281e-05,-8.331081837189406071e-04,4.365609167005620600e-03,1.415456723523495289e-03,-2.358472283848583005e-03,3.277694197552343675e-04,1.159829377510798037e-03,-1.511319822692285507e-03,-6.548852289186574832e-04,-2.051475895830023530e-04,5.450277029370672460e-03,1.106919388131188259e-03,1.912576039971128350e-02,-1.583653106010234415e-02,-5.113369899622318901e-03,4.958859370278664858e-04,1.403765681467741139e-03,1.867100793092397321e-03,-4.196587890088407380e-05,-1.731172241531795872e-03,4.127807600371315860e-03,2.353543059068530924e-03,2.994830033214955500e-04,-1.000156966013049896e-02,1.172504527651052619e-03,-3.417009414328505031e-03,9.162455003767954603e-03,-5.841284644550460287e-03,-2.714032974143910405e-03,8.414813436406175240e-03,-1.009561620997538947e-03,9.002496447354096931e-04,-9.113887280606733365e-03,3.342025820491274953e-03,4.782657327545604409e-04,-6.525205380914205627e-04,7.073386166054884336e-03
0.000000000000000000e+00,-5.310378501909062202e-05,-1.240673756565567436e-03,0.000000000000000000e+00,0.000000000000000000e+00,0.000000000000000000e+00,0.000000000000000000e+00,0.000000000000000000e+00,0.000000000000000000e+00,0.000000000000000000e+00,0.000000000000000000e+00,0.000000000000000000e+00,0.000000000000000000e+00,0.000000000000000000e+00,0.000000000000000000e+00,0.000000000000000000e+00,0.000000000000000000e+00,0.000000000000000000e+00,0.000000000000000000e+00,7.154190657139958926e-04,-5.755330317262317020e-04,4.289553829523335424e-05,5.360832404183012850e-04,1.761709186365658991e-03,1.440364761559520708e-04,-1.101834741742215278e-03,6.959113413170349774e-04,6.089276686118642173e-03,-3.287690233027588775e-03,-9.826331037770946741e-04,9.735998054260595197e-04,-3.212026656568878896e-03,1.641395666826853637e-04,1.356699993095694494e-03,-2.608533241696481958e-03,7.136719075086828817e-03,-5.406761068086254896e-03,-1.846335490922047101e-03,8.681743105867526997e-03,-8.471621964463717583e-03,5.348615700380421334e-05,-7.994171797430981927e-06,5.231540351624726099e-04,-4.296818630695620070e-04,-5.757789960174287871e-05,1.185986537894643741e-03,-1.293271217547812147e-03,3.079631086619967918e-05,-3.646197243254630524e-04,2.696705913814888755e-05,1.876237477442068194e-04,1.177221203884863199e-03,-1.151113929872739621e-03,2.327548458544191363e-03,2.835083817523115918e-02,-2.860901251075950724e-02,4.395453036736424179e-02,2.770390968722247910e-02,-6.160737775490921636e-02,5.644834466693215286e-02,-6.734820549110738519e-02,-1.678250571964955921e-03,-1.591603037711438601e-05,5.470539059217846729e-04,9.472811681093555505e-04,-8.349844446726408182e-04,2.035597904427359842e-02,-8.344343005603660490e-03,-1.111191112549798909e-02,2.229833780296357985e-03,6.016682125456222080e-02,-6.013906772802084244e-02,-1.062377598221469523e-03,2.937773978533313873e-02,1.603927515439716733e-02,-2.811973507604623168e-02,-1.648727209630729273e-02,-1.626199796252645897e-03,-1.856777419154492141e-03,4.085683788126430981e-03,-4.844918164740273647e-04,-3.296166354277498076e-03,-6.142747805731472912e-05,2.744960501494022806e-03,-1.018169570788458791e-03,-1.707833976265023430e-03,1.289857538948726949e-03,4.544424540652580464e-04,2.183165533220991598e-04,-1.865854311467875053e-04,2.197568666670338729e-03,-1.527050093924599283e-03,6.774412673577140734e-04,2.464161313206014378e-03,-1.284181294724626339e-03,-1.774439328180968996e-03,-8.558009765338957242e-04,1.443746911918886849e-03,5.002567491552766671e-03,-8.615805102658684322e-04,-2.808159811870987281e-03,1.503311308941529707e-03,-6.556186500110538357e-04,1.571584581929770866e-03,1.037476865283173955e-02,-6.661454412055536206e-03,-4.355286452404432372e-03,9.397414625031002416e-03,9.151395220076009168e-03,-2.001926609862165335e-02,9.684927773898170666e-04,1.474298890786393187e-03,2.613882829968251775e-05,1.389344714762588348e-03,8.663650614799418143e-04,-6.545224544694095911e-03,5.495762395691292622e-04,7.843701718776855542e-03,-7.111623973843873674e-03,-9.893659194846692560e-04,1.094267252761856480e-03,-1.891119182526838395e-03,5.062683179489743494e-03,3.801635463791365813e-03,7.622501388695643657e-03,-8.356666538488665558e-03,-4.380474808175541766e-03,1.828570004838167042e-03
0.000000000000000000e+00,-2.061461933393037016e-04,-1.354497036984426885e-03,0.000000000000000000e+00,0.000000000000000000e+00,0.000000000000000000e+00,0.000000000000000000e+00,0.000000000000000000e+00,0.000000000000000000e+00,0.000000000000000000e+00,0.000000000000000000e+00,0.000000000000000000e+00,0.000000000000000000e+00,0.000000000000000000e+00,0.000000000000000000e+00,0.000000000000000000e+00,0.000000000000000000e+00,0.000000000000000000e+00,0.000000000000000000e+00,1.783168035901697536e-03,-1.608489268994627843e-03,2.126232312897683710e-05,6.074677446273119485e-04,5.618236485627053087e-04,6.094444710901011746e-04,-1.131207440676679351e-03,7.064960941391619943e-04,4.489777638889554459e-03,-2.217593978434687779e-03,-1.871748645766903394e-03,5.257653954510209740e-05,-4.843212611233844306e-04,7.754541412081867105e-04,-1.068919213747111362e-03,6.904467270916645957e-05,1.780873844537656479e-04,1.244818489927474858e-03,1.348963522264001041e-03,1.835126173366488991e-03,-4.249017129266277268e-03,-5.662890638206466692e-04,-5.969336567408506248e-04,2.252798241577274978e-03,-1.724683250065197574e-03,9.088078017356066973e-04,2.695053170190104402e-03,1.548033899086105787e-03,-5.159069883142321060e-03,-6.093678287302882598e-04,-6.971836108139132116e-05,3.020997019543182486e-04,9.323623403529754600e-04,-9.581616246978265795e-04,2.809950812164909405e-03,2.582528710777074084e-04,1.942877947095628804e-02,-1.232604174362837528e-02,-1.016335744632911389e-02,4.101005229675313939e-03,-5.397288883344101076e-04,-3.092547962660258110e-03,-6.959298040542596670e-04,-8.562913712138498249e-05,5.125294176447393879e-04,2.242569105980808143e-03,-2.653101352098390098e-03,2.874846066234947560e-03,-2.853922028374423960e-03,7.300073706445113584e-04,7.581356067373387284e-03,1.643687164310520324e-02,-2.066376203973064804e-02,9.374736092304544050e-03,4.687592575795625216e-02,-2.221856951222300758e-02,-3.275239567776867811e-02,2.794844821541270230e-02,-1.581945790957472314e-02,5.768298607181403942e-03,5.108479808250569743e-03,9.192138546480527195e-02,-9.785443846465026463e-02,-1.966578670127966735e-02,-2.240229681770742991e-03,-2.137155865995694383e-04,-3.956067363315462528e-04,1.010221661249776888e-03,1.873150965550692427e-04,1.716452884670369335e-04,3.966919914040265959e-04,-3.801051407982341222e-04,1.355486171155248758e-03,-1.237582325389429251e-03,2.079372563295887703e-03,-1.659136462739550961e-04,-2.167349540705278566e-03,-1.586453406812694464e-05,1.034492123015679811e-03,2.754706009156812022e-03,3.914247849262544876e-03,-5.978342930607546957e-04,-1.886445797448333545e-03,4.908589572412606558e-03,-3.706799555247101974e-03,7.877733271661616424e-03,-5.739469659770186916e-03,-2.628127714070036675e-04,-3.408609217366184892e-03,-2.759976904106037354e-04,3.843551052900213462e-03,-2.967782904100760809e-03,-4.844309466178782844e-03,1.425208654196952543e-04,1.557737554742898763e-03,3.840818984101769008e-03,-4.925693064232627115e-03,1.314681493734587772e-03,-9.114219563021623907e-04,2.044091108417424828e-03,1.708917400136408284e-03,6.673113568575275885e-03,-5.691399491214357148e-04,-6.385464050926248011e-03,1.341041223177340605e-03,1.139449904714615915e-02,3.802759606907239048e-03,-1.915482369815387290e-02,-1.315824796134461468e-03
0.000000000000000000e+00,-3.426041837737163389e-04,-1.240673756565567436e-03,0.000000000000000000e+00,0.000000000000000000e+00,0.000000000000000000e+00,0.000000000000000000e+00,0.000000000000000000e+00,0.000000000000000000e+00,0.000000000000000000e+00,0.000000000000000000e+00,0.000000000000000000e+00,0.000000000000000000e+00,0.000000000000000000e+00,0.000000000000000000e+00,0.000000000000000000e+00,0.000000000000000000e+00,0.000000000000000000e+00,0.000000000000000000e+00,8.827161662295678404e-04,-8.059548245899715016e-04,-7.293815629917378392e-06,1.046104448849059006e-03,5.800423849849029121e-04,5.608186425796388413e-04,-9.272410911069131189e-04,-4.668510311369548915e-04,3.128092960668640843e-03,4.804541974583759895e-04,-2.373552452628252714e-03,1.184846385750915401e-04,-7.538712558855008641e-05,-8.524273885650980685e-04,1.652491876336379187e-04,6.259799550933117622e-05,-1.267877457145456192e-04,7.212476068969161328e-04,-5.861383779640384761e-04,2.247922357291004362e-04,-9.653568798237480413e-04,2.941586033723400315e-04,-8.063868878742472962e-05,1.627695427382495246e-03,-1.711320255102447528e-03,2.039045962653534758e-03,6.400482917952783971e-03,7.053513192489842612e-03,-1.540693976634302867e-02,-1.529552649744750619e-04,-2.201004072902759245e-04,1.164133783625392144e-04,8.483912375264955315e-04,-4.135931260722410484e-04,2.845501502009933903e-03,-2.049843227963101932e-03,-1.471304387544714303e-03,5.383059130642431269e-04,-6.788948252276483502e-04,2.013737436031048326e-03,-1.194216182925767963e-03,2.133407619726293211e-04,-5.531174134427071501e-04,-5.841343733235884478e-04,1.050145100771138771e-03,4.592409345297010156e-03,1.335920282952914040e-02,-1.127574858258655228e-02,-6.563303561340588961e-03,5.365445073084272078e-03,1.948172985845240957e-02,-2.079025690851600203e-02,1.006991311498636188e-01,2.708504792110857928e-02,-9.124834750670332562e-02,1.764120722483199233e-02,-5.493581128200404617e-02,1.169643895502467529e-01,3.320791406691564474e-02,-8.258742758072477874e-02,2.173498191815584346e-02,-2.057266928082061852e-02,2.751564756858455862e-02,-4.997645761107864792e-02,-4.914232775160844863e-02,-1.458183858222611949e-03,9.523357451812715152e-05,1.235060832257641123e-03,8.318044153752272764e-04,1.518819395518209141e-03,4.288689118312742458e-03,-3.106850460346423717e-03,-3.800140578565814210e-03,2.224710036475619802e-04,1.490520836791807673e-04,-5.713834813954083054e-05,2.959799747124012333e-03,1.905721695356020137e-03,3.810489114184360988e-03,-2.472005031998601027e-03,-3.673558920528788990e-03,-2.132145660588768803e-03,2.274770886991094032e-03,-3.027443985047670490e-03,3.899644955023662436e-03,4.872819426148399143e-03,1.395943327246733368e-03,-3.961140352248425020e-03,-2.849592131671629079e-03,-1.017986033525720632e-04,-1.459604911361274838e-03,-7.284218631616202339e-04,1.844295796831377492e-03,-2.074504829814595962e-03,6.994500493924820164e-03,-3.656356514905671415e-03,-3.165440204769681080e-03,-3.004005848753739730e-04,1.804492207754222668e-03,-5.336111986257571424e-04,-2.811424642732585771e-04,-2.603127260044661370e-04,1.395309926129537602e-04,7.606355089026474101e-05,3.729620357526925931e-04,6.397564326965832562e-03,-1.475122979119057251e-03,-6.360743379032907791e-04,-1.607973115282748146e-03
0.000000000000000000e+00,1.229514066125238919e-02,1.344366765027148469e-01,0.000000000000000000e+00,0.000000000000000000e+00,0.000000000000000000e+00,0.000000000000000000e+00,0.000000000000000000e+00,0.000000000000000000e+00,0.000000000000000000e+00,0.000000000000000000e+00,0.000000000000000000e+00,0.000000000000000000e+00,0.000000000000000000e+00,0.000000000000000000e+00,0.000000000000000000e+00,0.000000000000000000e+00,0.000000000000000000e+00,0.000000000000000000e+00,-1.416896298734174886e-01,-2.485225554046942981e-02,2.218913083985418321e-05,2.150200939898815576e-03,2.192598005740620682e-03,4.867006006526366363e-03,1.150274117515415889e-02,-1.667116887711207751e-02,3.517748425665123170e-03,-4.170020201516513522e-03,-1.184396982776802099e-03,3.388794940611099520e-03,-8.675621285262821725e-05,-1.562620965334072035e-03,6.588349244944563185e-04,-1.190165104785151015e-03,2.405401762100067668e-03,1.085455251449847641e-01,-1.694254683437937392e-02,-8.242568697525812227e-02,-1.418605909979163068e-02,2.526772425204676636e-04,3.566631765918866319e-04,1.650726448780709356e-03,-2.532465250995230045e-03,1.247986336398205706e-03,7.461751333782238801e-03,-6.636326513199124373e-03,-2.664571170666349235e-04,-2.099141536379064543e-03,2.591628848419732481e-04,2.033880055460126355e-04,2.323857354976000336e-03,-1.814742097899100549e-03,3.869366894668399646e-03,-2.738503400356793061e-03,-1.629753221193875126e-03,3.403599905891903582e-04,-2.950916273844929197e-04,9.693442309453809830e-03,-8.855965254237889786e-03,1.644817731470096973e-05,-9.409173160303876135e-04,-2.337399205463123065e-04,1.993124509147690352e-03,1.425511640279764763e-02,9.793370688347181885e-02,-1.039396091868708405e-01,1.737092379813757678e-03,5.874955915470234796e-02,-3.911793785947982605e-02,-1.263595767358320632e-02,4.647558350929825721e-02,-5.209845513932123695e-03,-2.752555324447837626e-02,-2.911872807862838156e-02,6.366310561656061094e-03,3.764341559466116705e-02,-4.190365532095292195e-02,-5.498707570400485772e-03,2.797843920613757047e-03,3.583639097291259693e-03,-3.755135010140221285e-03,4.501021364337921132e-02,-3.342978226782798018e-02,-1.437195876285209985e-02,9.316302130131749390e-04,1.060811650712165186e-03,1.863552930489627280e-04,1.853875246865670755e-03,7.146776773774886696e-04,-1.740867249099514562e-03,4.448198625139889936e-04,-3.914281257147845909e-04,5.400896639067205053e-04,-1.054704106291807011e-04,-5.287455451607353009e-04,6.874952131619890480e-03,-7.055581703354414647e-03,1.738676045366490275e-03,-2.572332553751049446e-03,1.108192197639063566e-03,4.387139039228672363e-03,2.812341925554352751e-02,-1.582046389196232680e-02,-6.491369544852075221e-03,1.495704738745189284e-02,-7.675614868220097253e-04,5.263133706422385566e-03,-1.270112462539038645e-03,-1.340694987200418201e-02,5.476173107676202134e-04,-2.601650139009106799e-03,1.067088967942046718e-02,-7.490531389535884377e-03,7.300376851405849382e-03,-4.803530163420312304e-04,-3.234502043254851300e-03,-7.855874299461072796e-03,-7.519574602199395608e-04,-1.647387805285826026e-03,-3.512542339429575167e-04,-1.957981534186997719e-03,-4.299293590258805413e-03,1.038829970857155227e-02,5.085906411829627105e-03,5.971883504927475578e-03,-1.028876242847213268e-02,4.915097075986654684e-03
0.000000000000000000e+00,-1.951165025663886311e-04,-1.013027195727848754e-03,0.000000000000000000e+00,0.000000000000000000e+00,0.000000000000000000e+00,0.000000000000000000e+00,0.000000000000000000e+00,0.000000000000000000e+00,0.000000000000000000e+00,0.000000000000000000e+00,0.000000000000000000e+00,0.000000000000000000e+00,0.000000000000000000e+00,0.000000000000000000e+00,0.000000000000000000e+00,0.000000000000000000e+00,0.000000000000000000e+00,0.000000000000000000e+00,9.940731170148425257e-04,-7.407497882183449421e-04,5.415283997523603335e-05,1.170090894825964343e-03,1.065082513958199098e-04,1.486549008768878622e-04,-8.722467613291235745e-05,-4.726606663927666700e-04,2.267137906353229246e-03,-1.071043775486680335e-03,-3.923108591572469633e-04,1.437691791062439568e-03,-2.576531571374161486e-03,1.034702697255696514e-03,-7.733003625298784985e-04,8.354090679666529868e-04,-1.108730472724594324e-03,-4.009068866881393889e-04,1.410438888399472663e-03,1.049934437442978739e-04,-1.400879836606561428e-03,2.478545004487293750e-03,-2.214331607384115164e-03,-5.927166331119357832e-05,-4.133131539178564926e-04,-5.880169596673756388e-05,1.241946407364292104e-03,-8.622763611739677229e-04,-3.043596819316831369e-04,-1.765128485081954345e-04,-5.722562893196935191e-05,1.430712047073151312e-04,3.203675901254471022e-04,-4.751230625529411639e-06,2.730511317134472898e-04,2.181512787700939015e-04,-5.071726478825233078e-04,2.115117233231579357e-04,-1.782672167455141886e-04,7.740774825413561031e-03,-7.825772074452185673e-03,-1.237867181531244489e-04,-3.063000334790620975e-04,3.473269280441856227e-06,2.388753684126671461e-04,-3.459678761052732655e-05,-1.907311797028977453e-04,7.014874304838834666e-03,1.608383938990137069e-02,-9.377839082750997687e-03,-1.050726617039628337e-02,8.202510839323173125e-03,-8.707535494353742592e-03,-2.612950483935583615e-03,1.576375387729501585e-03,-1.129707886411072774e-03,-3.024751668658498256e-04,3.487414261325537368e-04,2.448695025458813091e-04,-7.589751733141061798e-04,1.096875385607311466e-03,-4.672483756854126525e-04,-1.600512871178141460e-04,2.451043817135611230e-02,-1.172525802004278916e-02,-1.002328402589069446e-02,-2.593500621199515323e-03,1.270310918952851503e-03,-1.712594910671233961e-03,1.090426384317913782e-04,2.228552170723625738e-05,3.339616838655612083e-04,2.128752206478543713e-03,-4.409904355049086566e-04,3.125705799181774033e-03,-4.352603981904232429e-03,7.484224766654482344e-03,-6.667725997215928103e-03,7.664209544997920009e-04,-1.911677820137322936e-03,-2.519485662372244203e-04,1.763195077411035434e-03,3.800619239237932722e-03,3.995080665056742995e-03,-7.189488465843723794e-03,-1.530771318363375591e-03,1.330999045014790967e-03,-6.848081739497164679e-04,-1.423122267197517773e-03,-1.150569219666393089e-04,-6.761387624784241050e-05,1.316548411040307544e-03,-7.538051570304881918e-04,-3.676890742407398945e-05,3.993118223886130049e-04,7.207534887836287811e-04,-1.734472799269672722e-03,5.452516205884762931e-04,4.925957596363895671e-04,-8.589893899996047660e-04,8.834738616091692819e-04,6.228581506927519020e-04,9.080914478921580171e-04,-1.559338780713167682e-03,2.517099574347149774e-03,-2.376651351849185662e-03,-7.953897231410491818e-04,6.023268025646327318e-04,1.141731367107945601e-04
0.000000000000000000e+00,8.502481273058850805e-05,-1.149615132230479920e-03,0.000000000000000000e+00,0.000000000000000000e+00,0.000000000000000000e+00,0.000000000000000000e+00,0.000000000000000000e+00,0.000000000000000000e+00,0.000000000000000000e+00,0.000000000000000000e+00,0.000000000000000000e+00,0.000000000000000000e+00,0.000000000000000000e+00,0.000000000000000000e+00,0.000000000000000000e+00,0.000000000000000000e+00,0.000000000000000000e+00,0.000000000000000000e+00,1.401918359763942206e-03,-1.276279169276668809e-03,-3.290626491790656755e-05,9.298498765873772914e-05,1.594227590857868202e-03,1.908218056168326654e-04,-7.234690438589494801e-04,5.541100534727809099e-04,2.586935357436537675e-03,-3.087064403905631638e-04,-3.639400088523037959e-03,1.026532808968719191e-03,-1.890037132143797868e-04,2.886788017791028574e-05,-8.746639367849310103e-04,9.130061815632640500e-04,-2.110799601559413836e-04,7.929751295512180772e-04,5.029759856120651768e-04,-9.986041062056308197e-04,-6.061540054016179794e-04,-1.900848349223305776e-04,9.850255477581223301e-04,1.211683707262953789e-02,-1.207303126990233455e-02,-8.467296599885020588e-04,1.912897849802215264e-02,-1.495501920683838318e-02,-4.084670018999939957e-03,-6.376758088959006560e-04,4.601928250030739957e-04,-5.056286878900196225e-04,1.817267856174202903e-02,-1.580558927426582369e-02,3.698788983753529321e-03,5.713140744942482932e-03,-5.709280466765806299e-03,2.142860884947435721e-02,2.447449528797681489e-02,-9.305430421977851918e-03,-2.134278720067421184e-02,-2.038014648957140601e-02,2.683573728219526642e-04,2.589538105378771850e-04,1.413774823722338363e-02,5.278391004141964882e-02,4.320573464495769400e-03,-1.907638449698794564e-02,6.705777577970160885e-03,-5.343534541589286396e-02,4.162245904908186758e-03,4.708011400611415362e-03,5.735019867330465315e-04,-1.582723370771707549e-02,1.893074585312669658e-02,-9.481143028815766649e-03,-6.432958262774226763e-03,-1.415007808853652269e-03,1.546116885291054163e-03,-2.419156192171863055e-03,2.485286849467397644e-04,4.417595171192318856e-04,-1.745117576196184321e-03,8.230902709606857659e-03,3.488404851130169626e-02,-2.393535233394111783e-02,-1.914161790308004790e-02,1.152535080681985069e-03,3.227730528827521973e-03,-2.208041667881115427e-03,2.307908325217104557e-03,-2.101284020720634981e-03,-1.675823717710856137e-03,9.398179325121960598e-04,3.184601238499065994e-03,-3.154381041835157672e-03,2.745535017197050110e-03,-2.162905190949553167e-03,1.274048102832910003e-03,-3.161618977924099058e-03,4.216915512323581895e-03,-2.315742524963325388e-03,1.088934209157281681e-02,-8.340728820160321980e-03,2.043178567603082252e-03,-2.712335400492933701e-03,-2.663064170193900349e-03,1.290518700964626451e-03,9.324217458414091504e-04,-2.166841000469712022e-03,5.336419734918160414e-03,-3.237744246307776123e-03,-1.502685399454801833e-03,4.973080931442051475e-04,3.982007844695943481e-04,-2.811424551541481624e-04,1.798309511750462858e-03,1.735705202198371475e-03,3.538726223360705650e-04,-5.095404912264596756e-03,-3.296121297527057192e-04,1.998107642533427340e-03,-1.011574226358877716e-03,2.612404698113804206e-03,1.986706128180776298e-03,1.177055446596993182e-02,-6.580569273426747912e-03,-9.503597297953050166e-03,1.688826800705879247e-04
0.000000000000000000e+00,5.295180752916590645e-04,-1.320350052858769527e-03,0.000000000000000000e+00,0.000000000000000000e+00,0.000000000000000000e+00,0.000000000000000000e+00,0.000000000000000000e+00,0.000000000000000000e+00,0.000000000000000000e+00,0.000000000000000000e+00,0.000000000000000000e+00,0.000000000000000000e+00,0.000000000000000000e+00,0.000000000000000000e+00,0.000000000000000000e+00,0.000000000000000000e+00,0.000000000000000000e+00,0.000000000000000000e+00,1.917626995943164060e-03,-1.725123291309358644e-03,-4.115576705559647079e-05,6.914762315084107538e-04,8.034006019459567424e-04,6.017740911063646555e-04,-4.278223242005249442e-04,-8.640915102005970391e-05,2.608552698255323446e-03,-1.075655361102955277e-03,-2.198822723673853931e-03,2.237340635868807250e-03,-1.522878239995966321e-03,-6.478119685283418184e-04,3.256241969458342593e-05,5.923657121053422202e-05,5.629717456851032927e-04,-7.975160077168853574e-04,3.288831168831017181e-03,2.428017093804473933e-03,-4.095975168502841851e-03,-1.006996801873606597e-03,-5.712362452546541815e-04,6.394254753885555975e-02,-4.131329820963468985e-02,-2.164304094063684847e-02,1.599899691674026847e-02,-1.373921700664337830e-02,4.783265843259035255e-02,-4.708713128541276022e-02,5.046695338399202237e-03,3.046032138224365540e-02,-3.440533663061385444e-02,4.791530140019512052e-03,-6.136552711272985801e-03,4.085314142851881325e-02,1.060566243825103450e-02,-3.573037407026312395e-02,-5.936192087982945439e-03,3.306339118737127922e-03,-1.352414178418502588e-02,8.372709291464988657e-02,-2.780603907707443478e-03,7.231481635390295259e-02,-1.378425432265542594e-01,-1.528433998161389529e-03,-1.405018555079550271e-02,7.348003045704618562e-03,-2.930808816316597676e-03,-5.802344122025902481e-03,6.969974925027321543e-04,3.988577240969099803e-03,-6.811344491861652528e-03,2.218183375271524232e-04,3.869936412635888168e-03,-1.412030704955086809e-03,1.719004126200101689e-03,-4.382866092518410486e-03,-1.066832801755831410e-04,-4.826600333379033915e-04,7.282039412321026414e-04,1.243757261548394119e-04,-7.266209755347865021e-04,1.510785940919369928e-03,2.456544293780760571e-02,1.023018653227839719e-02,-2.243553723932367738e-02,1.056350090674610352e-02,-8.387925270994245341e-03,1.832121363622329566e-02,-8.437426737424858630e-03,3.600841844661126223e-04,-2.524473217231771455e-02,4.039099734771619404e-03,3.675042061525994261e-03,2.950582935630677306e-03,-9.178347405352411253e-03,6.460254876328890873e-03,-4.610265790436423455e-03,-1.186045148718213246e-03,2.439239867022327361e-03,8.955030757517246087e-03,-3.585133176773449074e-03,-4.444055431019682326e-03,5.308392590609382899e-03,6.879940124943481963e-03,-8.155153210656572102e-03,-2.725892231210729974e-03,2.489410935470021818e-03,3.551829559100536104e-03,-1.040274314890551367e-02,-1.544437977318506138e-03,5.980100547098144044e-03,-2.852763424884910588e-03,-1.998029342907304672e-03,4.835369610992824863e-03,2.667698400947398144e-03,-5.309441164781500758e-03,-3.435305595114772608e-03,5.723778171767140988e-03,-1.279454932252687555e-03,-2.322083939637065164e-04,1.729824323686381983e-03,5.824123045730655868e-05,9.144749402499614127e-04,3.305022788042557766e-03,-1.639167472010196955e-03,-2.798416733901460188e-03,-5.853825461530209884e-04
0.000000000000000000e+00,-1.122824626737322327e-04,-1.377261693068198819e-03,0.000000000000000000e+00,0.000000000000000000e+00,0.000000000000000000e+00,0.000000000000000000e+00,0.000000000000000000e+00,0.000000000000000000e+00,0.000000000000000000e+00,0.000000000000000000e+00,0.000000000000000000e+00,0.000000000000000000e+00,0.000000000000000000e+00,0.000000000000000000e+00,0.000000000000000000e+00,0.000000000000000000e+00,0.000000000000000000e+00,0.000000000000000000e+00,1.915687370576042194e-03,-1.589859581928174809e-03,8.126177807669536556e-05,1.291837141616056228e-03,7.959504229579357319e-04,3.578867019803995582e-04,-1.076549394112063943e-03,6.932596490902269860e-04,2.817960204239244437e-03,9.180876260123259011e-04,1.082062064198071293e-03,9.390095169269406863e-04,-6.386402897293381314e-03,1.774440920122982972e-04,-3.502071515827961772e-04,2.077211144943781618e-03,-2.830929336145454611e-04,3.271639746268781290e-02,3.935348216389571163e-03,-1.486376052979644993e-02,-2.360416014304559870e-02,-5.244206057866615533e-04,1.203469366138927099e-03,4.908855340075209822e-02,7.593303447994084743e-02,-8.783987616186011982e-03,-6.548174221761980662e-02,-3.758720001527807164e-02,7.924866010858118426e-02,8.052347248020683135e-02,-9.694686999333457234e-03,-2.703322800870641696e-02,-6.482064497134686076e-02,-4.960291236056443148e-02,-9.277884027484162646e-03,-3.627483506734818092e-03,-3.180362247669323364e-03,-1.242132631120334771e-03,-6.465432851527768560e-03,4.318839141488273886e-03,-2.589566674053855443e-03,7.611928793541600236e-02,3.531560183585329138e-02,-7.741037939638169274e-02,-3.469439415828198814e-02,1.999901821108967821e-03,-6.152815886120086009e-04,-2.634512326510503842e-04,1.448608944457466761e-03,4.981189685541271769e-04,-3.540379180612646982e-03,3.851361889962487579e-03,-2.853724945348009266e-03,-2.927786141834276892e-04,2.216694017935954761e-03,-1.076628034916693281e-03,7.019574211731342307e-03,-7.163024249833325509e-03,-2.037474572401945343e-03,-2.443710867689273926e-04,7.926556781932269117e-04,7.463511308166295797e-04,-1.602271137236820162e-03,1.470714872967444128e-03,6.351125385781526515e-03,3.871068015157255737e-02,-6.428753389246318062e-03,-2.003186440538086421e-02,1.584631740653257015e-02,-3.108956176460704601e-02,2.692334110337889219e-02,2.065574067536591479e-02,-4.439656449636834867e-02,2.075164836499653401e-03,8.685581333030772608e-03,-3.327164258481167536e-03,-9.673834988891192102e-03,-3.989787817782287915e-03,2.135728517637482723e-03,4.812308856208430928e-03,8.523133617129308170e-04,2.227975941656053574e-03,1.214480624026329295e-03,-4.836588935623685470e-03,9.416260430595395359e-04,-3.470410265404086890e-03,2.178399731937210627e-03,1.083250133970235091e-03,1.249806100445708876e-02,-1.460038854157991867e-02,1.067684926332573489e-02,-3.577504173942458107e-03,-7.232841786985607160e-03,4.147998621568249958e-03,-1.251658621909425978e-03,-3.456719852655079812e-03,-5.954551663182872101e-06,2.347946378917842476e-03,-1.179179596354408381e-03,8.426721898144072867e-04,8.945204321456401431e-03,-1.286042965644006164e-02,2.562380087815338721e-03,3.940520156901734100e-03,3.305256459043906525e-03,-3.549698664833157713e-04,-2.425310964099664651e-03,-3.023631167496357644e-03,-4.396205403704922174e-03
0.000000000000000000e+00,8.219426616448667015e-05,-1.013027195727848537e-03,0.000000000000000000e+00,0.000000000000000000e+00,0.000000000000000000e+00,0.000000000000000000e+00,0.000000000000000000e+00,0.000000000000000000e+00,0.000000000000000000e+00,0.000000000000000000e+00,0.000000000000000000e+00,0.000000000000000000e+00,0.000000000000000000e+00,0.000000000000000000e+00,0.000000000000000000e+00,0.000000000000000000e+00,0.000000000000000000e+00,0.000000000000000000e+00,1.300033955020021316e-03,-5.476727218011837343e-04,-5.869296970484447120e-05,1.270006672883116370e-03,-1.409757943675322978e-03,1.231204009276791423e-03,-1.132518331374817886e-03,1.288421462833204802e-03,4.327076452800707532e-03,9.309842287774355157e-04,2.172932874789854953e-03,-2.794311397869177552e-03,-8.193934309556945988e-04,-2.909029811858880078e-03,-2.019901277643144748e-03,1.328602458733597457e-03,-1.012335840698806201e-04,-1.667361315486578285e-04,-6.223903924511484109e-04,1.565493370247381848e-03,2.577994709068629018e-03,-2.589115154413906481e-04,-4.618510442712223801e-03,2.125325507575019993e-02,7.335341104954370278e-03,3.885123235352941351e-02,-1.795356167478515813e-02,-3.634915874104797939e-02,1.110492749138250988e-02,1.381318083095591995e-02,7.093225255180808653e-03,-1.387137695953886973e-02,-2.660771409111923821e-02,3.032897240151035019e-03,-1.684076440245945230e-03,6.291902446908784544e-03,-1.236415016373164713e-02,6.118666753279061992e-04,-7.087870530412033760e-04,1.794486418419415303e-03,-1.400339388386362145e-03,2.194854619673055826e-02,-1.905429422908324483e-02,-7.848985826569092848e-04,-1.593025209884021704e-03,3.696482365319036373e-05,-9.134705859284658960e-05,2.476696649761758306e-03,-1.280042928670365766e-03,-1.737293921556419714e-03,-2.100941083787403064e-05,2.652533603214153428e-03,-2.501957899853508513e-03,-4.479480752869008874e-04,1.394392461559154986e-03,-1.157577729336676034e-03,3.100764366595416127e-03,-2.087739926731914646e-03,-4.863185194099598277e-04,1.606881475266961311e-03,2.468548416249597213e-02,2.204776692688891968e-02,-4.443574657632956559e-02,-3.679252168814852765e-03,1.832484832648688172e-03,2.726580819350383350e-02,7.444168918687092684e-02,2.798859006308983266e-02,-2.018719518548996172e-02,-2.864951218925836096e-02,-3.770381041836634584e-03,-2.581149770747780126e-02,2.002483138900908177e-02,-3.521004159317487475e-02,-1.008914606452039966e-02,-4.141456260589287952e-03,-1.394131555215862364e-02,-7.634874847614070772e-03,4.726810415199209775e-03,1.850478353417235600e-03,-6.314917209896179183e-03,3.058598648576171114e-03,6.212147633795481703e-03,-5.540118695489724965e-03,2.519777484281464711e-03,9.170861480447024816e-04,-3.702305997662377543e-03,-2.362216249349051271e-03,2.495411477998113643e-03,-2.402158615079337881e-04,-4.959630881687106599e-03,1.691719590853243450e-03,6.457754178949017508e-04,-3.799339303243672028e-03,1.253566105102295585e-03,-1.249192130483559385e-03,2.554076245257615174e-03,-4.434532733282414534e-04,-1.828698403401316386e-03,9.842562709746411828e-03,-4.265947051011131919e-03,-3.845760844939961898e-04,-4.637166603684884057e-03,1.209534215201779530e-04,1.222703036018450273e-03,4.575542308079216802e-03,4.273737824713227940e-03,-2.780713824336138174e-03,-5.216515209701424322e-03
0.000000000000000000e+00,3.403004353073548101e-03,3.749983390939910788e-02,0.000000000000000000e+00,0.000000000000000000e+00,0.000000000000000000e+00,0.000000000000000000e+00,0.000000000000000000e+00,0.000000000000000000e+00,0.000000000000000000e+00,0.000000000000000000e+00,0.000000000000000000e+00,0.000000000000000000e+00,0.000000000000000000e+00,0.000000000000000000e+00,0.000000000000000000e+00,0.000000000000000000e+00,0.000000000000000000e+00,0.000000000000000000e+00,-3.952977978736779002e-02,-5.423849613635368765e-03,2.615782625689988192e-05,-5.651082450420374806e-04,3.667782045741501589e-04,1.082710695253650190e-03,3.388770704270509682e-03,-4.568418532783622213e-03,9.689989148740316702e-04,-4.710831855680897191e-04,1.483211344925270542e-03,3.238658669612259032e-04,-1.584053547599943452e-03,-7.034314186977802443e-04,3.234656223952425431e-04,-2.371612714696432617e-04,1.062693250212095371e-03,2.959419261157059111e-02,-3.734891767644153704e-03,-9.239033411067833212e-03,-1.736783865226240731e-02,-2.196732983114841123e-05,-7.018711166571736833e-04,2.015048512400949635e-02,1.389704092865201232e-02,1.171680166642444232e-03,-1.870603989055982797e-02,-1.127841482006168225e-02,2.224243056066442861e-02,2.028592627298758666e-02,-2.440988859938181266e-03,-7.378352958820534602e-03,-1.876942534913068200e-02,-1.311988183789800089e-02,-3.303335561844112592e-03,1.019592668715031680e-02,2.220615836934339976e-03,-1.624959702349600826e-03,9.563548198810528644e-03,-1.231101565491071574e-02,7.696765340306272254e-03,1.129600524025280509e-02,6.827142088800936676e-03,6.443170544320947490e-03,-3.727662741188360329e-02,1.220811775798830850e-02,1.665714442685430757e-02,-2.102233853414958720e-02,1.805085077959551684e-03,3.283491043447987756e-03,-5.982663226502824352e-03,2.934227469618704356e-03,1.569838221186418969e-02,6.436489530869803077e-03,-1.959644943000049891e-02,1.907393782693263609e-02,-2.798549940532989166e-02,2.469489411851636534e-02,7.659939608164537117e-03,-2.191842043534723838e-02,5.792929118063162158e-03,1.114551826198579773e-02,-9.520767863352087162e-03,-9.716888852641197144e-03,-5.598801325044661797e-03,3.440000490212116041e-03,1.353884199944817290e-02,6.187126974186767103e-03,-4.972172134345649586e-03,-7.373365109815691043e-03,-1.425370827439233906e-03,-2.680215296997297963e-03,7.544510550617222755e-04,-9.731159554930507438e-03,-2.495529803701044755e-03,-8.734667494707821361e-04,-4.126550262421624891e-03,2.197594233876261002e-04,-4.400845573767882615e-04,4.752564245528770846e-04,-1.214203548821073293e-04,1.582368305930869842e-03,-1.066461483386091456e-03,6.354252439380337139e-03,-1.314540267562221837e-03,-2.966422411107546252e-03,1.601192183861555735e-03,-4.372360753494702879e-04,2.234935187502266711e-03,4.351044912133499032e-04,-3.295356201732666315e-03,-4.890417379489952684e-04,-4.499312822452555816e-04,2.738134344236252925e-03,-1.902032470236725108e-03,7.388852776899412431e-04,2.402425839507140587e-04,-9.813743623676290939e-04,-7.533460076732502800e-04,-1.069792325385065211e-03,6.356392683090498000e-04,-3.792361619819615073e-04,6.944138568301498615e-05,-6.385406139489749333e-04,1.099395792836664783e-03,1.743050443707968265e-03,6.348982873552629080e-04,-2.859227695058615473e-03,1.687049732584107453e-03
